183.81924890026716
189.0400950838086
18.09768073934091
358.2642359348121
52.59627520523397
40.50117621858271
33.129491602301414
731.940608957636
819.1470199730795
934.0691225034326
791.1721488105472
49.91681873522406
36.67434049577447
31.59173146124166
361.6878039977137
136.48457961833344
1471.2051512336564
430.68601131527157
64.65728895061251
230.91796498405463
19.596166697764374
59.48682989731688
252.49960027397145
159.7503622725598
575.6540362725717
749.7552964240001
410.0687171683854
701.3297722644861
3501.3647171761704
535.9664301696489
1230.3412364118
322.3061334309006
960.9471389640978
643.1271584320738
42.5175501903681
1155.5228125207252
2827.0231582092333
239.45091897733147
52.70660134745822
1517.1999455223752
57.32766273587708
2462.451356086658
777.3204601409948
642.2410739801855
1975.0584667822852
992.703468615609
761.8431630705488
445.2269112547646
1542.0255634980736
99.51468245585588
2700.786657610989
129.5659523775039
1051.2663115324226
294.93398080545467
1185.036168185804
2594.7750746823053
811.1138828237623
475.2327008782639
599.240828334206
451.44520025630516
335.34604204251855
33.879855015912014
694.5789192883079
40.52437037447031
209.4567066759907
161.701414361284
11.175387956884396
504.57834805660974
54.4736884387287
673.256446649649
425.0041037778474
1871.9671230121626
79.39695260789031
972.2619937552931
519.7939507222935
85.0556513962978
2168.1633612253277
216.84888663509457
536.539379751084
402.8907114276858
1099.7281517102083
392.60601981253654
462.152921748059
240.06766085139736
28.264022427782002
135.16998951713617
357.7186002427856
650.0608759656047
794.5501912734827
542.6294922766792
426.915570963627
1065.6303348573333
793.6839681291622
18.296350038677893
893.0445565134205
92.20379341893923
720.8812710530873
108.63792038935466
259.6714372652422
71.15829552188974
542.9249217099987
31.960490290132647
970.4344361962574
34.00581999639816
48.47319151019919
326.3376138706962
604.8720166089902
449.74253652480826
1182.66405927909
819.6423305189904
595.4141902577421
191.11240042554107
271.0879993525726
238.61042692780137
656.9416219247902
24.561226077517265
1169.1581939868456
96.52635084146867
82.18961212758641
99.58356586548393
55.3715512499009
402.7667638689649
237.35865954023168
539.0973633060152
390.1375692980057
234.86586484926744
28.558249601332182
246.31974229347045
114.72554201302282
247.21626650252617
158.05581856103788
373.8994290921632
79.9938049388563
53.368233546536864
49.617844419226856
1145.6947014000107
98.67569501727138
344.25898644553604
563.5883502877716
118.9762249449231
676.7679810772615
142.7480238357709
2224.6244047176833
259.0007382191592
617.0706511286356
426.99228093747587
1224.381985182494
416.9547798283177
299.3424129609633
452.9927483482796
455.54598120323953
845.9163706838897
69.26472266303263
165.815770406092
267.6440841810442
315.7859863192147
201.32782574305884
289.84716177973087
69.71831608913244
800.7306959690361
1081.0420506699427
366.3103335697697
483.44729976399486
202.17588999647165
135.5418808518637
287.07074147150416
370.2548111532564
296.1093108062071
23.37249109880127
644.3389407064401
107.20175067969477
88.33704929932146
10.694767065259995
500.02553055525175
312.1092414899727
572.397369439806
327.96956707869765
844.8833388452758
155.89484447995164
201.40823881657371
182.83386882734283
228.71845537602135
283.38546366896963
26.484813353431758
258.55434272107016
405.0545585072521
594.0285457478988
216.9430568202643
105.4665757603618
124.2933945312415
520.7191390898497
20.888148768156064
594.70689371101
332.79043600836536
85.56602435283396
545.4085074807543
330.0320065120272
97.94827574088248
710.2241562467417
12.84327928101997
199.40458403075735
562.01004711867
137.31307121638645
97.12602491934898
517.6448648727154
29.063349573708365
188.63781932521772
217.2744642641809
46.674021428551335
667.2406070184403
280.0973574072849
586.2804371532274
190.92150023264577
431.9666172758865
123.07411578924516
287.9506549256998
133.0828240230628
614.1054195374606
185.34092063136308
33.096286237395645
526.3580770597068
25.542432882739362
640.0831205945681
4.954250853510675
331.6921532569186
377.3492616971607
679.3927196241799
789.319121841616
40.65904760717754
910.6253208754524
128.1523017173325
525.215993918705
478.8459720988369
277.0463428465805
161.7028770623607
214.95237356818558
7.0684487952245645
7.711945254038084
20.131638323456585
401.8082520029509
67.5055670311629
1217.5293534988043
6.6464214198648275
317.95558338834496
174.13442244498287
255.5222209833278
110.98050830251971
39.05637938113259
184.57890091338564
333.4098398856351
12.202290493906823
70.7232550189051
281.3523649954153
28.57068926762111
126.22004725890407
369.1530519817749
128.34452416523732
54.902786666458084
303.8333693271559
148.24696020779788
169.523818001601
986.590559543476
21.309318218189667
530.3662842055185
150.99194482672848
364.99210299294754
35.004514097539925
718.0934447373928
148.2999563434965
39.99183187955251
49.42981106717748
471.67043642104704
326.5765563094156
227.51214005025633
299.9483954105583
157.9602975738391
13.411942419556286
279.516892931101
312.36001536469735
65.36446400116739
133.6849372258262
161.6216059526132
10.728224761379602
683.7686612481606
773.4267121735649
150.76674846629024
209.6786477329897
414.47849822829545
204.68942643961066
191.5572043249251
550.1770021120245
60.07916757240489
93.79753753419935
329.1219489864948
15.915156905087924
48.703669906443864
179.25996429686558
339.89284236069756
50.36604913371523
375.5323044991279
183.950569249708
590.4114175603997
77.35893701116822
26.90583635077968
201.4550098832389
193.7930958297224
133.88132288211423
284.78584035202437
1061.4009355440355
90.38094750704101
89.88030052689096
511.8173419695756
151.83557049197432
58.371695559633125
306.5102836676184
116.99071686468828
326.7518749256367
96.86789783347444
769.7973385850253
13.15649024034051
52.24243610567195
24.918011606554586
302.01689019895736
145.92518824381713
582.5406960977915
502.5774288492612
66.5868649272204
314.63388700949656
85.4472301718572
2.8113177008878587
104.24758646564355
346.1054706424377
71.02906018861162
332.3097724553775
34.295366245899544
96.7051170738662
494.30297537564513
164.34451926974185
118.5056867984609
402.55579011909794
32.37323033579189
137.22300455290127
164.52853931500897
96.22510340810811
13.736953030660743
47.56144868119159
68.62357406808688
50.98772995824471
281.32199267870743
241.52706413830023
701.7974485509149
443.19967165897447
97.22825761032408
838.8588680669
335.88856492016464
740.0031576116841
405.35321433260685
376.6013351076098
142.05026812367143
252.02664085781916
42.73385652281856
213.7994610750032
59.45655900398065
112.48038511634984
236.579532915865
12.615798924427512
22.555087431914576
81.1860530406344
257.6503098939395
289.99902991257716
204.9854887436849
447.1349708047891
3.250832496520702
284.282851148986
650.7698102120543
70.34520182720499
287.5654110312993
381.1754796664833
116.67102285356245
42.67260797750738
99.22626409573196
361.15114819157293
484.35393487823757
67.91286280868302
21.69278884313666
27.764805279403742
232.0947283119757
233.7625442113241
189.0863267732259
269.5832127327464
227.10806169248656
278.2210986758229
241.79706688577403
82.73576751673157
27.988728285210435
116.05505621734183
90.66219321591161
210.74015363294563
27.74738058267061
176.6669627783871
452.060863295129
69.77171678976623
575.1242706984463
252.9847863050192
20.06219390966098
13.764312476638692
214.9578556105782
160.52448146320313
373.74214664866906
84.27119991511064
165.1320086525397
205.01697203231907
209.3996749760873
4.290936885540348
182.81566953185123
21.761561044598995
161.11626292267914
7.143396411447526
198.59051714433178
455.4568798755545
318.209137076655
86.59273710938524
50.1478521797809
38.40721360929005
313.7682583838867
19.96108450981385
369.50459943615886
398.7172514358923
135.02290721924186
109.03758554414163
15.30271269360372
166.54255137019084
178.43385766706533
23.566925142712716
81.21771107313415
35.57446278772597
140.29415001998422
118.12398682691493
67.16728767962539
32.45025973383487
130.5957156112816
189.1649074042148
13.558463079997576
289.1731701003774
7.361067946470944
29.59999098637147
34.1912377143158
6.587696903616495
71.67884106309089
104.74483578736913
54.45216181211802
4.387832717884375
248.60645399590368
8.943483091924463
28.18633512801935
4.431714034949974
390.477831104291
48.87807850749813
104.86835366473406
362.67423029048894
136.5207160041117
13.152405055522754
92.341840206475
116.24275493631556
562.1494688895082
290.737131903286
70.7657110122283
17.400726692547625
201.32649410699622
60.15348512483259
106.32771802836832
90.45859464357868
184.82964175898226
122.71405551337902
41.30784377222797
86.29824767362055
104.52589796129985
11.253544496747676
11.719077871437618
64.20468784955311
45.46630361087768
64.57483124917225
70.47703824293076
525.6226671782033
946.7676579993675
189.14574439188
280.51703522784163
164.2136718955797
62.96842338074478
413.7482420830436
25.392911835861863
268.9829818176518
22.856486720113764
90.24218363228265
74.89857244448257
53.42045866630451
109.59498869766892
19.766014636325135
68.26446310258498
265.722323040944
58.580319751833095
116.3988184661331
10.366973275728098
278.74982920878614
226.26584797140802
185.13647724620117
67.48124781358683
336.28435933739104
27.923583767815344
12.084013716161174
190.49217549490464
43.17941855090377
