803.2528104203483
1185.0044238136202
798.887160607878
5.774789015584696
2125.900051105846
11.930236611501925
704.4759859203293
1167.14152338352
896.7967561074513
1803.3652783319883
308.76606928069344
167.6892946842861
74.22062539115291
123.3780682049978
616.8741825803022
249.16924847227352
59.17142637185482
363.6604484695285
562.3481167512474
274.7028254433773
395.24673292189794
717.3831854039965
328.1974308511584
371.8668746164246
845.3015730447755
386.2883389420449
109.63384467850409
252.45986527496194
160.13364581086216
614.5908506027486
479.1498672292447
7.99216119949544
129.7428400779465
696.7479908483983
21.305130509604144
623.1200728772858
246.6353581279874
205.44736521453373
535.2838065747845
658.016107030371
365.3083562174806
3.0617406529133895
66.30780747334754
8.216743942461592
45.43620873195382
103.73954202066231
288.96923472759374
186.55653821035625
180.40553508061913
200.66502806212335
182.99029202349587
45.56352550738588
398.025664409671
135.07602376074962
374.1608534394664
339.4223663239375
231.14636366575658
197.58728736158494
480.27750615912214
16.010486186876648
394.096390083546
421.7911248008097
42.50786611570696
120.28704647268026
376.1233838390801
95.85872708147099
310.0875739194398
38.20166973037083
69.42387836492313
1176.013430418478
252.57361364351607
256.8542888068076
3.3380870737356108
30.33441153868464
135.5861359097473
540.5739198725081
770.3128091665021
823.8456985875439
415.47971195636626
162.61779355239088
113.0096829152597
128.39897396988158
89.07721832901493
699.0967860190914
92.34986798360683
129.16423876231428
18.327915634014786
3.5034041971853562
416.69136274052966
530.9070950365028
156.62037213010586
124.92163071618647
83.67705373158732
368.5158327142973
803.7587793230623
95.27750911029864
17.04885238250882
265.05333347990467
632.1044586280775
469.10536247202674
180.01853326418325
387.5462758178455
341.3757735318087
922.4925988215148
120.91117742125473
934.7164347587841
1004.0456563594004
91.82577003172399
134.41267347170023
441.1844590722727
1126.307442447216
1272.6099185718342
361.57205279201446
295.0165544707325
415.686381414458
184.49969132791884
602.9811117226253
22.248021498714195
829.1848119908665
139.58011665094878
153.3593104674003
1435.2190804780614
173.02557131535445
112.60966439819244
143.55535657384027
241.88713705678606
81.69830539261076
266.9979332240508
943.9103954463544
877.9120514620765
94.48376961235604
59.16574581425068
19.9687338136234
34.049674028030026
41.781565049473485
58.559148756612664
433.4628592840669
859.698887900114
813.6272446293729
808.1711122260995
54.965448500440445
342.4192142122438
64.11275190757455
83.59883549554385
290.6032563047993
697.1812559826691
3.3506060997201748
127.74165547864376
184.81053432822927
220.46798543065503
1182.036501697171
158.61487163259596
808.3725341842435
164.93174650779656
903.3764766865236
481.0254751972422
185.05008940882874
229.4404293702693
473.0686258685735
47.805430338177736
456.80830408411924
12.916668549373961
461.0398614177981
354.3190448261157
223.1755438505409
373.9912662323705
267.7476341869883
164.8518646703043
1016.5532431851348
231.44967416330547
637.8592137765179
394.9826020015055
502.74547416167644
7.763938291890156
15.16898092602462
31.999158825423848
108.07580147361365
503.3345310706581
226.91981397138116
31.498637401556604
86.61508903142938
258.61477541574817
295.0415723221978
115.48730046070811
498.30242947487784
309.53735618105253
122.52195061460509
1256.4706744780865
80.95898088792096
1484.3114168009572
337.38397274190356
275.8067811867979
102.19945810289944
599.3420697811465
173.24321281258176
327.0646946499622
139.6680466758358
667.2558659698431
451.4086392642584
16.194021201365043
53.26751219001056
24.702332298244162
49.2041904547944
1117.3865673822188
1020.3485591360866
461.91633626503665
164.33603474131442
122.70077589390645
441.29555403901037
319.6576458496554
247.54899498247306
100.12196599942291
825.8820993150948
228.63915874951473
480.7007438616317
1023.9004295825408
250.1836598050428
122.80023344392455
127.39098981739443
90.96948847828311
709.3322069478409
55.41951282013504
651.1641033499577
94.52264064037965
598.2180890618597
188.68962224930738
619.0975541662261
207.90459211222583
269.7551573697324
207.28704943399623
293.1671804690488
216.6055139977754
162.5217178197496
32.174992225403315
250.23472173193363
155.71943609593507
219.41588316357263
287.00942439468395
281.9052186289808
263.3146333714139
579.3084690693629
187.60230062370752
110.11943178163837
48.513020434809036
1067.1772346597759
297.59325253879047
338.1247139785387
5.360801733404554
176.83379641086466
52.70999148331931
1809.5593781062685
361.8828512586327
1843.9204052106847
1304.7583941200471
126.36857801939436
752.9684786374156
533.4481414033959
2162.080203766224
123.51785431664543
1993.0411478038009
290.37948945682956
534.1699510657164
195.76446051254896
713.2198319931043
393.0122867558749
260.5831470122802
80.98934919127952
121.98648051807172
7.350270154631925
65.69723149994603
122.52336888539881
357.63188682701974
173.0097987595611
470.02116442010924
71.22367437665386
26.851375703136494
1002.0731188544745
905.5848773915025
317.53686150250473
178.8407840621512
492.5860003267702
342.1811417346614
500.7163786144556
153.20906240322518
52.33229948434963
230.5566678511963
36.88262829853625
130.2038919444947
321.15928099359303
477.89201335914487
386.08518186547565
222.50033767395317
394.07621557274285
160.05990465717716
740.1453051250068
292.0624817440289
187.1344388827256
730.2549474753921
257.14641062923283
677.1194904312208
126.80570300322249
262.16675360170007
215.15213314865844
283.6840951329087
78.23103624918133
963.8873632108707
246.8787600122958
398.88505478618725
799.8853769732591
297.3093335363887
544.1195925979988
367.4313757287963
660.9417357553444
17.482162824855102
117.89578743454858
438.460489239436
81.83751124508058
11.099309772661563
240.23304141667163
34.29411358911427
2070.5362862250226
419.5457965400766
265.7994412823225
360.8523328243246
187.44647524378087
473.042623977158
282.43751288394833
975.0558968719967
180.7839469457453
403.5711479509753
106.69118930780759
291.22020979417766
296.7724301217538
254.2574810558546
467.4418286469875
46.478361738862816
86.29592323990974
429.9208473898807
88.65371802049029
188.93431309217823
327.17327342686906
439.7545800368713
385.07894696810826
82.65761236246567
297.8495240988838
277.1447762077459
110.43738857956856
180.43755541916178
273.96098879393645
142.93542537270048
168.39009871275277
36.94522939348562
364.79757017572877
413.6874157935588
682.1400830009622
803.0095893791012
118.81481215319124
203.0821979971427
775.6095128344181
429.84160240610066
191.69118560203435
422.64558206965324
155.7435165135763
294.6899723348574
737.7454584337247
117.94649773842167
729.4033675157567
25.843426833711963
277.48410854584165
154.76055213926955
170.04131574970833
81.50894037414275
690.392460800975
1202.6894376581279
51.940232915835566
107.62604116780969
45.79553414319716
213.76432207492016
252.3532613745763
750.1637420909772
672.4563851357302
48.9873060078118
385.535383413845
318.2208360995315
425.98031472027617
587.7099401857074
13.023080691339608
46.32493517084899
68.05591796918716
357.51982890706915
33.69837549162241
372.14974491499936
320.68621462649185
13.695750114976313
217.85484113506817
38.24912414290251
1014.5119614636837
25.608468308395786
15.00808643222264
115.2759972812658
253.4392799741157
394.96455713654177
372.97128608242275
455.31314196180875
143.16655603569018
189.38166841845447
54.038140551611214
909.3886596415471
279.12576639311396
15.14488486125758
87.84859586705586
825.940416489681
33.531924386034845
818.7785862543033
614.5184582293386
52.20381386731325
335.1961831778903
327.74346810093874
51.081139120094264
42.811360647579114
329.6637418375961
91.51132947588916
248.24917406766497
729.9214728591602
707.0325892740632
135.86643816065182
741.3551263367408
32.15155770372738
64.49519923369581
81.41015663956875
267.31199502365405
377.173268561971
292.5404899397132
578.2090394762616
237.6816249869468
525.1458189813515
726.9374422644947
1268.980365615142
196.24296594603697
106.63363673743166
171.40874422731858
78.32128067407265
121.562506668223
218.77594425367133
105.64138213680636
144.91064451230127
370.7496524871302
13.512093009284317
168.6530144988921
93.42638747885113
260.3494214120739
1498.515518795055
345.0497100836584
99.61027307063746
80.47197586356214
236.02524308112504
501.2343287250524
132.9178686576106
47.36385347525477
168.21669456786395
305.81983045443377
199.8811880200634
592.4190044703925
265.658529320973
1227.2450187044733
254.8451923198999
987.5128630177171
77.63610111293822
53.544256828108885
117.77135678962127
402.95635259048254
23.89294795495406
40.20015362123935
463.09958172487654
436.23571161829966
424.12703973550873
52.196239630607245
127.28945389129245
48.299174703457986
487.1436760014766
695.9204445070276
22.8727721556102
677.482908573846
337.2898094629482
324.57386473504744
897.4275116734611
146.2637708285667
189.8259196641904
20.99431860358232
112.2515456299095
257.9503808349766
128.70778109493742
211.59136429450692
972.7033798025805
1259.821640633588
212.34687203854693
131.11104581446244
963.4152275307208
15.013956729906782
104.22255441308823
194.11305985122772
13.877990403124617
782.1547608151088
16.08366192154917
1492.3303944393938
238.34450560879236
1407.7684597002672
97.46856099344588
835.5520394543375
1017.9173917680432
187.1522168297517
264.68009131411793
