5.4141048855252
5875.826211128763
653.1831477100039
796.9853356077788
22.709435080655627
72.37266909194216
386.19878031255394
1116.2790661296128
172.03852943496454
38.98266174819426
120.55450666181113
9.56705055095361
13.482545426171008
42.053136913143504
31.328218715073053
183.44007378095318
260.5696785865603
63.79548907974889
108.5446217128157
14.185006491597502
81.29715874464311
64.13719374143682
41.65982412997429
10.057391992995125
0.12050101529301709
41.360308345541824
56.35972499226412
0.6824673199257294
6.984492962609428
37.41666099815609
47.108348700998555
63.425913612953664
4.550193078543195
89.66108436969186
71.2158660767199
84.62975124386935
28.419724010564096
8.479134441818806
56.014633374186616
76.63790381132553
26.916331022589247
78.36929399829506
30.18741418135986
21.36941578871874
20.08461828085209
57.65351358083635
14.953107919272968
28.95562194924049
17.87004223490724
18.50355792112586
12.965265606190785
40.94844875584244
25.958164114854377
17.57312560170871
3.30172440930309
108.07130225521541
64.06541878564528
76.56146349833043
47.160462136560255
15.091183784472387
72.95904390833667
210.66887822202233
4.322394030015131
5.8704919186087015
61.10606767421188
47.64817669169419
17.847301359417983
40.18580230843203
70.42731698723775
39.48194876473923
12.216909337600033
115.32363393821109
81.51501379744947
68.38829101745227
18.395419407617915
16.376974755356112
7.3032759945114165
48.352533305410546
106.83595217206954
2.766694882150593
99.90188390355482
21.044791600221203
7.777688856155942
2.5551967778950817
63.64767993531331
6.283965210458964
285.7073245433975
53.442402301031805
2.5405680852990793
31.554557202127995
5.18042491627884
134.01481016350144
59.07520336553057
24.44991073384462
33.57601404551679
164.36442881923483
76.6777476583714
16.818475191129735
176.95390682051413
20.814293298358503
225.67568463756916
10.219129137288887
11.283331792673607
34.973268030012655
105.3560730010083
29.782420957624137
12.40872161665137
50.3629697144695
20.47396070362986
27.63192972564636
1.4237079200337432
3.7688424380678676
104.08959718527774
0.2598158444253077
50.556247913343185
115.58707601161979
13.661002564465786
231.59221697364586
21.08878191034112
17.89206870433901
57.37017724236486
50.295203979724484
80.64493995323684
152.04454547065396
124.00213568133034
98.11056114632886
106.00828172381094
1.4458689665471856
8.932660991677686
84.67307995026694
1.590583732786111
22.8730879335213
0.7477503351163117
13.166527522346742
6.491526242148845
12.624985472458334
7.820036955208251
113.42832093472812
790.0744562970937
3.8424577086694915
20.10647646355823
88.80753858095244
62.03603041224349
133.04268166113434
94.38154359716331
79.37854928474111
164.29853053283713
10.441713186101873
94.79136567034567
23.70666291284015
74.85647152988506
71.21487848364508
89.78186952994733
30.619903431364076
201.89760550449193
20.269412480993346
127.40158600921352
1.1546447722681765
35.337390932128315
124.81181444307137
60.37517079529408
16.747994290997454
25.122841266066434
77.96175427044774
51.7499327441847
14.010321113874754
73.09856769972164
3.0435481534472095
12.270870693118866
86.40132323936288
17.246377873898076
92.01140151224213
3.9205232658524904
107.19482321322201
32.68644901140645
7.076716907570958
50.62192670738344
47.96123679177844
43.9809136924545
21.25022910474615
7.910681798332808
40.154565529721175
59.21066912638856
6.368947317502365
2.835358194960624
4.837077656069532
3.3525575895448894
14.8633089029193
217.17639057565043
33.62148963322469
3.5516431966346413
52.941197772421006
3.261997758397298
13.343978567771234
19.847220151622185
33.465016570762714
7.572090741224583
17.861975871664143
8.044435451061474
13.153123899659684
63.017529190512114
2.4892260564731368
30.061339677280813
40.1356750545747
57.27853140681988
5.606681552424521
98.45684412300625
18.71945967855973
15.360425754957001
75.10949458627039
46.736889562734255
58.1244584399095
4.091691186123189
93.27180602343424
109.68024146448289
14.690583548489666
65.15961619342309
33.827009216129845
119.84944073938296
28.798100570172856
19.293387135875584
73.71211152820909
49.31552611721855
13.077649111574909
58.892892093392426
60.44369672165134
63.005291678066285
2.053931333752095
12.919078249504462
22.06703583104453
27.888651554334267
7.009989555778036
92.72650081363862
55.42937648598575
30.829943037481996
59.777767939786905
70.66075747789517
18.958184862247247
53.43615362250112
9.710432134460932
41.482820857051976
49.196086896990984
22.47845845851366
149.06045586919944
18.657260954615747
70.42477805544979
52.89549253285079
4.1000327847948554
11.846339572915957
28.79134303853085
0.2198209612745539
27.430024486809703
37.71946858402641
36.903527931932466
0.6421872330296873
3.818301358623642
51.678139788222666
37.14985330943807
64.85765181041523
20.914188349820975
49.31072664800001
9.555767990293091
36.50677996987111
30.02808783050269
161.43873379882152
12.282165380088754
49.44492599284533
25.414053913191843
2.684394748940416
98.85356505049363
39.48690185519858
73.174544885224
18.216925629999665
30.008764805184583
6.252863343579696
0.5351481840186219
17.45453798344934
11.119693288354238
9.771141715233231
144.2453931174382
44.307500266618405
38.72411485768401
46.57479841052331
13.411295849446772
13.940158642456332
6.296589799027359
94.48639371989579
71.08081241672892
23.19001961600069
64.92234702025658
30.50751911099602
116.71717102530687
6.81479077680475
9.887285469734561
46.73041816599403
17.537405302558376
54.83719030185916
7.522968968531093
0.703944229961406
27.71474712003804
20.403362683031325
34.53221344124115
46.08913804509308
48.80782136647075
31.85235026983791
40.28574921394708
69.16450645904662
23.339836994172362
26.558367609451167
30.487588506292376
71.0539136882913
21.350982752746017
71.4270661248839
73.73232142503012
9.97226321018351
98.64505508347247
18.22211487915527
8.884160924534353
27.094526838156852
30.256553698599983
5.033952180692862
1.0580154074477024
1.1256391061268023
30.944885589273397
14.41039102901988
20.87142306272528
21.772714292541323
35.13865298724898
14.62876904027478
27.692632232286435
5.092098735216011
5.211261581227947
57.688420263633006
31.00024579034741
8.831614683071288
15.280375774588412
51.652755174982275
29.17490572605436
31.28691564563439
16.745640097665614
41.23939186654994
19.84286643070738
61.820163820434345
3.1934675252783893
41.84257369142617
40.806206090780016
33.26041431796357
16.168027355364007
57.75093142229613
2.9674233885148587
43.890323061064315
4.58995194799756
35.44990114411692
89.42777322258806
9.7181195039547
12.850055093578838
69.2905297360398
42.358517241671386
44.17769070657373
48.4375479384336
16.181409379335154
84.96992383797846
230.5385299623074
126.86920015235197
16.756688536598816
17.153983494517462
46.31725437633162
62.13941404097375
3.4104211760171697
21.696582064241973
11.168949919241157
63.8469116532452
31.30724197398605
40.110094742637955
87.84777922537367
8.051774652611071
33.54278085389092
4.266749682990889
18.25763328455197
47.32117165778777
84.52163862602019
17.447603958526077
20.994217450679415
4.264855670525972
28.874926093448607
1.8938998679352017
29.990049825286775
13.29394615915294
18.032513663417618
25.260719212196044
43.45304303018903
17.46544784895039
74.02432623066302
54.29074992642697
6.211233922462345
14.207033810615249
0.9431107014585107
1.935288154949928
37.28085586068585
24.583452912224566
9.601319493199227
15.199285498969028
40.13898187368122
15.020927480020866
31.14906668575377
9.78726492012424
11.632484742209718
66.57768260315376
29.314595445391873
87.89703993795057
33.16127125267535
0.5152152020730091
2.556110105370168
12.631330485296807
0.09970849571794073
7.3473257805360985
22.95480629847565
32.74467941923088
39.34988860446786
2.3877015260979944
3.4639025888354764
18.218650645003393
63.81167041194407
55.13803333967728
8.337487072425656
8.034617526729958
37.81229302456451
23.89263579915222
25.974894546163647
30.350608854742255
0.06290747715208209
34.645306592201564
13.151986748871838
6.996634936181139
27.68692347817354
25.338222396681214
65.53025946740325
34.38649602875072
24.98136222039113
5.640739437894548
50.505634418614555
17.33576156341783
3.984413288966704
4.47885946641515
10.610610386219644
8.565447246527796
37.210939294361424
26.929266052521314
81.32185117411986
2.4349579120841196
4.815865312726859
50.906552722890964
20.56761020664748
18.804312295462694
2.755027400931647
58.679496979280245
41.28500108557025
31.69710811533829
15.773471409907796
10.913713468891462
90.18714978471195
15.74296029819001
14.410851348637351
7.74320856437023
23.383012078322935
8.766025344543928
16.190027887287147
2.9478239708075265
5.3360549973881835
9.961842265067114
11.43031513920329
18.964555947896688
9.534535451841597
32.76746690117755
2.3647517909850317
13.998407694698928
9.410474449186864
58.94147512679897
0.06499510882228784
41.46805944927954
91.20368048847213
20.29558358423263
35.76497782931777
13.628501936244227
1.103951554670061
45.97021872704626
28.847549003064362
35.019387712603645
6.7552555616482675
0.13682243756310722
14.467436644276177
1.795404565400105
58.24398131365113
53.3830957589004
11.196560235655188
13.759973336402023
65.43130860448892
0.464748918984883
16.736948675554395
1.3064979001059327
2.686319004172788
16.445568121625175
5.520871511369661
18.10542175141099
51.564255457775225
9.32980198281065
30.807365607807267
1.5368332027560057
32.64696846230372
10.466180445932604
166.06597723200613
132.64798960212764
