0.43580627441407893
0.3769804298631132
0.06346572305333596
0.07338066932769544
0.11554616024502751
0.12481153343457724
0.15207898937714442
0.7064560445288279
0.8466530865376958
0.25565955099169996
0.23158323021895308
0.16478862450051185
0.08486010286386038
0.22736946081719245
0.31105971090975354
0.133328114952595
0.2853419456833465
0.5196858967262133
0.24822421850058646
1.047059002841684
0.1864856174087059
0.10412111200663808
0.3662935722519586
0.05054542082948333
0.08931273339747073
0.14123569809650907
0.4298201876258486
0.07348792600075187
0.20730729426669373
0.5142419545924954
0.07273663943036816
0.32352610845173907
0.07531513567913646
0.3079162493848285
0.5430139349837173
0.2073420959701453
0.09964900845769854
0.2331719421009389
0.17141391849269413
0.16086825163168883
0.06654063353977209
0.07807992503884925
0.019511910178138425
0.07878006012508795
0.062161871176014925
0.4467741994468214
0.12365560131626363
0.19325171019977044
0.03916763749926192
0.10512194779729087
0.15809005487369995
1.8682090030891268E-4
0.021734548426582297
0.08154683092360056
0.13018490178898767
0.01563376846755456
0.1720987847985555
0.10885749271362662
0.698351902862554
0.011309148194000467
0.1406748477601925
0.12299910177677517
0.4450535666528049
0.454100542044889
0.083359784039476
0.10958361030090474
1.3653635604400132
0.4699506113319339
1.9774293599660842
0.13878340085988106
0.6630830653807829
0.04679437082139831
1.0768767851961294
5.581091534752986
0.9091560032735345
0.28985586290346876
0.45206169194456003
0.6173295997351964
3.8149736034373403
2.153706971282963
0.7950380733767254
2.7501568429956387
1.3990373643910021
7.594391259678844
0.06889333224165818
0.025999824874532094
3.977908415842217
4.5410044467477935
3.08027833103588
1.3814321054423346
8.820747962129639
11.954587210477271
2.8719593326140744
1.6065546473618986
3.1201950997943633
4.116662280371077
3.4004602610626216
3.0205223622406527
2.2221753808512665
12.129518853708953
0.29395617197291085
0.5266206906701663
3.9831880705360656
10.189318656847368
2.96308943156049
9.363823008988707
4.347957962604538
0.67976396315601
3.8950756039261765
7.13691565564626
6.28103475767784
3.5500160628891413
0.024513472304727682
2.7666298171395134
10.191483055674693
0.9808004930879273
3.5121472915075653
1.273592177000571
8.774833977640103
13.976299040437029
1.6270989194070922
0.7480642975623574
8.221672506831132
7.077203305572042
3.0950230668344236
11.400533954450577
7.949460231661914
0.2809353672646493
0.30688530897931704
4.124679373868062
3.3511129322527307
1.506632860274612
7.493486573940514
0.53037257651182
3.234375876613414
3.1700823986252997
0.2722177571570975
0.038386930021631224
1.23950223539366
0.3221983591335745
0.2757082937647326
0.5484151262841509
0.23066076169178024
1.1056617117051821
0.25973527716051464
1.5945574520987136
0.9414288831533509
0.11483809490585938
1.117895054953765
0.9070299746048458
1.6016605373896755
3.3577743362564108
0.48645468520167573
5.932091834478771
24.492745565391242
2.7680984186026967
2.2992676421772016
16.28048215210578
2.1465564827447077
1.7781551773613682
19.219511590869065
17.00953328091283
6.7740908464453975
3.9475958771760413
2.3431169889589096
10.650873005997912
0.3085792236619575
2.2539602508457004
45.9109467281974
32.41472530633898
18.729261090508988
2.103589718560195
1.0901220261576852
29.717553994134672
69.44124716644264
12.95917550596519
12.69263077706676
21.46385694483989
70.32414127643636
2.0683781037220306
9.282008218908775
13.389655148415725
21.413179241940163
73.1912417018722
81.5809846616527
182.64155924668472
37.71125891781828
64.60420343857001
39.623145822209146
106.30405474551806
306.86101427287696
247.30685966461937
8.976981072403714
61.98386598351417
224.35340851156712
69.92792799558829
47.7701937783396
67.87637295596906
75.03034753909228
56.36662072717358
55.34982320864493
132.42085460147035
471.0910153383163
87.6968130970292
55.35365546063061
72.57320698102052
12.601452914813631
5.968418644144571
1266.132064411291
66.5738714182215
26.88817756669722
391.3448161245625
190.7580369619562
72.31510106443908
168.14296293535307
340.9104211746629
265.04320336179
501.73032035953605
421.61932203331787
1.6143787332376283
16.179534815505722
992.823417093475
255.27373810494544
118.06295848071177
106.7527899709707
162.03319317737325
114.37758131061568
52.47194050441876
522.3871593612937
263.66179957445
85.91093748972597
92.46590158569
363.9412740074798
109.54891519285225
88.57519372964694
68.83176112341336
663.8699884462605
244.5437252216464
526.8043619168942
412.3137727024391
50.71637436987084
211.59444764568696
693.3538822815914
233.23627137363184
135.79523457758143
69.91140513881666
1291.8205065794673
1577.0546346864187
100.98154301289094
757.6215872551738
14.126243778395892
1061.8305538225327
1571.3343709810604
800.4395371346321
367.9963609523916
988.324344834145
373.59983140594665
871.3200664816019
166.3588558105396
202.0448646036122
339.92148459081426
249.4498568567989
425.64237899081553
18.80487529779552
266.2522686281768
199.10393537848964
112.798124653655
297.9336135243111
379.558819566381
65.35282900561506
1070.6095256879673
3.2134570933352125
219.67029851841085
517.0204727963566
307.9108280365548
153.01380732140004
1759.5917734614675
98.18221208837119
338.37419897334104
1695.56166507431
56.313819607008725
224.99006210851783
423.31214525776505
389.9227360395578
441.0122151267726
474.0226214350589
251.8464984258783
466.7751897966185
473.84088381707784
160.1517868383811
91.1128488382362
424.108342427411
74.77360543008884
112.9849548627076
728.7919583251673
309.97173018310156
359.89455984791834
167.51867523098662
17.823232477728503
62.701576840792264
46.3141261306847
404.849192433853
53.51289829348407
564.1352618255065
22.77824065328922
177.70642398826564
228.41081309799748
362.6395300359189
569.9718329790659
41.74091918784464
847.9541919239878
181.93627286606448
577.8708144468877
121.06271981320026
254.9609613236796
96.82685975567729
460.7271393524631
29.23823654410585
329.6989692130742
228.6707742794866
67.76162867846115
176.7824975942109
62.1021185807264
29.427189369552373
121.23433811193209
34.30096743284219
214.5160587047249
36.192903056273934
158.14140079244035
84.10365836363336
6.22298863364335
269.4589428097847
85.22566925517796
23.315599523391477
43.159390742932146
21.141271428053894
24.780622651759536
60.619327583484115
17.12119442251055
3.8704720073015757
15.939341803632601
3.5920188141937053
33.691296022856086
28.98727000010475
36.91372119789016
13.993382787037172
30.68093188783478
6.322267445531794
4.444668206478997
2.6975079630468706
11.407055582882688
2.5052244912557513
7.634153361033096
7.217420184041735
2.817441409463815
9.738384541744132
0.07607994467774988
0.5408603353538907
9.818808614783473
1.1097464312774499
0.7311949719285236
0.4875143021280779
3.707693056739806
1.4229907484326447
2.4200515371065707
0.4534995004340079
0.6970041427823098
0.4099172672350851
2.8717138689758523
1.8663568995534465
0.7840296532263291
0.5853973374954138
0.11450986418364642
0.8924433758377965
1.3683252267033226
0.0692459070739266
2.3545077604835565
0.28619941642624347
1.4942126569711156
0.639437042512985
2.4835789031739353
1.8394194527527796
6.18294020613699
0.7867776668073324
1.6769223131906266
2.779413436451134
0.327030006224898
0.17004273074095252
5.690111598800266
4.974792572250372
4.377039138514549
1.8324820496582497
6.514904101813957
0.9076257645880723
0.3972557724418099
7.428833247885432
8.524884506900197
13.556357259923734
2.864753050967066
8.21983966648699
3.092460325514697
3.4145099038943747
3.508998102217587
12.277469833332558
10.306400123043336
0.23663800267313087
0.8947708031928922
6.617494749102111
0.907233267216966
10.086269914129485
0.8045838047736842
5.625340549521672
0.8373315193081744
0.6190957520511889
5.920854066333593
5.063074149504101
0.6086857711686965
1.7134697750389607
3.9883210436635546
1.6278304709916833
2.462133594249702
13.798324021685193
4.65309191586688
12.256128878596535
3.6359583847881862
1.404747481865754
0.7423483647981463
1.2896873089275167
0.5630442920861287
1.3347072738970758
4.002093178141918
0.1702411230708622
6.1532332230351265
4.695554461500478
0.5865723824576843
1.811394415799251
0.5333081388574824
4.194192678335155
3.296962732075234
1.3098200565580103
0.9493272133311141
1.7373992674999255
0.7261544512398543
1.2389909531386158
1.5576971811860114
2.572602259324669
0.26083834556756236
0.2832121683936542
0.6800994323301313
2.62679642563918
1.2081451706131565
0.08750024971370324
0.22659633675415938
0.054298763163838894
0.020017416206327673
0.2916897572909666
0.2972190507746338
0.018361201521167173
0.14477535938309075
0.08832458230538687
0.06112129530272445
0.03981353386933231
0.0968028140695909
0.27042687505571217
0.28300785991373395
0.13196937943010087
0.31677038168339694
0.48023763192402397
0.10310133502043166
0.016919453107825593
0.1246374225383397
0.15080606393007098
0.09778380374510917
0.118285220652767
0.17599863491380036
0.042035678265926045
0.2276704396576777
0.055581415621584834
0.48845373348753224
0.00923127524322855
0.12303756423205495
0.21116672953381804
0.01921114546998009
0.05247752397304245
0.032461096840941873
0.04342832020384398
0.3084420191497296
0.3380548600472895
0.34340633396697645
0.10285168631322181
0.053727548931220906
0.21635633914289112
0.16064037760734717
0.34975271605568325
0.15118680583363284
0.027913662641045313
0.21778329802903626
0.27807728854419245
0.3064007683723859
0.08990557365882273
0.37217373223798145
0.0780074488218157
0.02623739364151509
0.2210682221881599
0.6063930249656858
0.47950120021925696
0.03310222693204888
0.15967271270942737
0.011010289916788046
0.03457591724392832
0.6682515903673041
0.4862570877824785
