2.3009600665026015
1.1788102044154816
0.5940462226914481
0.6155738188156243
1.0677781531763664
3.8172420583862734
148.64052012462344
4.974534091089282
0.37796673552922194
0.0769851303442595
2.120367973978392
17.167775773569534
527.9310492768881
233.73666779874324
60.50372272492456
38.62638680121284
33.435308896951696
43.61739460438399
161.00507460086155
51.66286394110702
1.9869575246589217
2.417967312556582
4.532625748211723
9.483309436458992
45.88030940678984
208.01538066900414
19.93045575665376
12.33244324890003
11.671665010494293
15.629744557732426
37.21918216592288
491.3697222726278
6.810646342612403
6.779550812223882
7.367057030594387
8.971478945215
10.77228681138297
107.83134008706614
21.580650991191007
30.286742343464216
48.14576957036562
94.36529913774332
289.2694163147721
10876.577336136781
453.01876234738893
75.22117878915107
24.392809076686447
8.710492889025657
5.354914918333425
83.83119606294827
36.4999209318613
6.687263600377773
4.477055759459188
10.185808327837586
42.83865845232962
535.0358916780548
846.6631955463725
118.96076278230726
56.13245182824465
39.285349156721466
37.79139372830629
75.3374736516382
86.48288985469556
2.8613550122755287
2.712790775775742
5.119125882090981
6.055847059006099
13.84842444531709
311.89099198209556
7.2010316869954565
4.041786926181925
3.510720304075068
3.3098051108697115
3.1588542902785917
374.7888916227849
5.184885373832004
4.712914472504712
4.770035151097276
4.3429683837343385
4.033590315238757
95.8239266354928
45.20335600776552
34.693137033881584
43.62655151641431
70.17166498000603
172.1099415648875
1970.1279845588424
492.2441404351936
55.149289072668005
14.375418230233976
5.38949229473126
6.2367903976792105
52.51160780160387
60.04232126687306
5.696551475025203
6.1705311479616185
17.198246350813182
57.67314461332805
466.09322904647786
3099.4626597971233
198.31255536414375
74.35324847205216
43.3781498687129
31.6742156944596
33.36923449532755
94.29204391087525
4.857391243650795
5.294388439376516
5.024820545198298
4.456473422119707
3.5542595868400597
377.01598482412675
7.131409781883974
5.709061150835115
5.615259106232021
6.722289384861009
11.401881687026803
256.13693716472676
19.144583851230106
6.116990100273303
4.068116672085781
3.1834604342151973
3.2270467814399093
68.80606688233061
87.96428340728725
35.98493672576761
34.43324737279767
45.32372097817204
87.35823147046754
489.84547153923745
457.8167229052718
27.45504631455257
5.871180792035812
3.3451626624908823
6.163186390759765
27.03863526884841
73.77006277604094
3.5812407413418117
8.974755314150512
23.405420036784285
68.38666618666099
361.84833840355225
21389.22601443346
271.4581396781299
78.38166784408266
37.281195836273575
21.23258064687816
12.405079530298131
83.2879816539203
10.911614490311067
6.989001581270276
4.901752665218046
3.647218242577796
6.889889647181494
391.60420829670494
65.62138439183836
23.99900147286323
17.194733699815202
16.820461739719658
24.50697191291197
155.56717068137164
37.22736934005683
5.857956819897842
3.435064893447478
3.0354098557098927
4.368937649439351
39.75093793583514
135.93326516794124
29.114199807935634
21.419584952383556
22.843465579659064
34.541327995001815
109.94724648791849
374.9208278771255
8.276671292572159
2.347203251291313
3.7053732260111123
5.978653587547836
12.047422692631581
72.45491168136917
6.858951940383577
14.597150525207002
28.636532652050654
65.86961304533149
249.86463792682096
75900.78676285155
297.7897877542555
64.48149924313451
24.389955358473927
10.155558782374865
3.7915836082117904
61.71130375066157
19.97836513555707
6.2995647262729815
3.482536957847647
3.6827427954718654
15.851462304997508
355.9311360457476
257.40331735996233
56.49606480941085
31.942746285416074
25.69489603319212
28.91617049947817
82.48307597526882
47.96361826919075
3.5485042471203307
2.7730737416403186
2.8175438638535537
5.876258493196689
18.65011478407181
171.95698060104817
14.216968922283653
8.595497226711514
7.704933509866941
8.52868731914045
14.244121285902084
271.8415218929272
2.533348457206136
3.19628047666503
3.968741718534229
4.555753398833405
4.699590922436844
60.825666199112966
17.45791203287686
19.920289655084012
29.085659818858318
52.20009659039563
150.1691559647915
3406.619445760951
284.4161405021363
41.41878271007613
11.840080835621603
3.8037847360070973
2.264713674014744
39.783622163154256
27.695518039328093
3.7154036949216884
2.1109362684393473
5.745214668844036
26.459748189032368
262.60436775205676
759.9053762975204
89.39987994783564
40.28757571955697
27.054513063733182
23.382748873098535
36.35600327777911
47.86539677715535
2.4011545009351973
3.083908526012033
3.5076194966771306
3.93859441321951
5.823022009119809
182.38700263694597
2.5778079084056067
2.3244532446142894
2.2862267248147625
2.2961020503095466
2.515307547099845
175.79406054950022
5.544059855442849
3.7041545917633227
3.2585746791818986
2.8299766066998924
2.176537786599356
42.85790212598666
32.15486630995491
20.42798149792992
23.346765035498663
34.34098968575134
75.27151669580475
631.9787579535881
215.7203470574758
21.469297628574985
4.604451607149199
1.6710238457889044
2.904996087470386
21.388335578906055
30.345583921270403
1.706175407257044
2.8303543589946245
8.701400332147568
30.063275639051472
203.88832701473706
2411.8781133142647
105.00266646454062
36.04730254104433
19.836089943431794
13.416587546763619
11.611848463338434
39.95321369345347
3.048411621572379
2.9182007712849085
2.510392782757422
1.9964564951568056
1.5625288484976136
165.56130445637808
8.566041961946121
5.06430130695405
4.517416516014534
4.975846672668064
8.125841626038781
97.03689102834684
10.390690791649506
3.2322097336763522
1.5300114854646956
1.486620683089906
1.8779670206435117
25.05805325777578
42.53844585484033
14.720660317403404
12.911931869293312
15.84390749816139
27.659320212229062
124.38213419184662
169.75299199960875
7.4613109298943385
1.710795200127031
1.5965752609844424
2.850080627172074
8.919594683609834
27.187783543807857
1.6483091591037933
4.356277728446767
10.322880245486132
26.926958572603873
122.68969974490147
30851.354318192483
100.19489963739233
26.056836121889436
11.174685774264715
5.618799462249244
2.604208011626226
27.13374744777539
4.449808914091719
2.1778940853613156
1.3311653679293813
0.8315677062079959
2.8915407044626136
129.15740480541317
37.3464498406997
11.568257025268858
7.54280965869375
6.9727229004822675
9.343163696083254
43.002107513383116
12.395470225603935
1.3428250617194013
0.9195276847576289
1.0255616721893497
1.7235640430754278
10.793757307506876
44.445875826199625
6.898904013917667
4.665289043233878
4.698498369445734
6.460291229848137
17.40088910944732
102.28497998208783
1.772499322227715
0.9240919438835752
1.2230782713032289
1.717262531565783
2.639963988773662
19.840241121837483
2.909292629184179
4.90208613732756
8.472757336912554
17.53364042786998
59.76520401459396
4634.396791626131
77.15096688513515
14.347170723546485
4.83118937180137
1.8224897976112109
0.7153890226150788
14.494921910415844
5.2252546832665185
1.1713164434577272
0.625159673980906
1.0788516417220906
4.959958245363062
81.30612818804696
85.51098908290766
14.988302950475838
7.642117914950389
5.705038732893355
5.857951943526714
14.067825884978294
10.80918844206483
0.4979280553751307
0.4823963882734221
0.6053248884937366
0.8936546489214369
2.745743182352515
36.058894225804536
1.5753824665141196
0.9114606489406116
0.7470377883366808
0.7451250228601336
0.9129982681174761
47.3392767553121
0.43763717345857056
0.5380147652798156
0.5946953020382448
0.6141758239748668
0.5522216573700593
10.5038339290086
3.64174057300243
3.385981423262254
4.541403170795855
7.6222304689948555
19.902907187263963
304.47823236320494
44.80884446128594
5.425021116166907
1.582569050422235
0.5553460083979986
0.5013322307166176
5.165964125117473
4.416062546580302
0.5125432322614374
0.43272087625025757
1.1273790081574653
4.223526499849724
36.804046960232284
143.7740265016974
12.256077196848311
4.874752981977194
2.9557649374518764
2.2917678918167885
2.9106002209086883
6.012349356290784
0.24654182057220156
0.258512043771708
0.2764229648467522
0.2658030196895725
0.28450035442002897
20.001156270761207
0.1638966033159819
0.16690048072535915
0.17199050426418014
0.19229510534172567
0.3325865225379138
13.978198740387016
0.602011973482802
0.25523975189158893
0.2090952781809972
0.10733463221658496
0.10961352447059353
3.206109034511345
2.701435414359894
1.3100387768618063
1.3158123919947202
1.8155391873594864
3.713394358629569
25.491303266468822
15.527693964009787
1.1976256359318338
0.27412562814821745
0.11590760883363402
0.16642461216350785
0.8725339500605676
1.9234260808759758
0.11782721954051951
0.18364856797943427
0.49234633699104874
1.4521388001583821
8.356411979211947
191.50864739911538
4.856538492519477
1.5089604524449642
0.732408877101995
0.4377644474538152
0.2959914956377235
1.4014909320142162
0.13248131899596988
0.10424309600438138
0.08074395384984523
0.06996864371346509
0.06606705988819558
4.47152885309257
0.31707841306845214
0.12437807041169255
0.08655435518541835
0.08500927622188464
0.1273528621600045
1.2285161430346703
0.2496435430387906
0.04737603550924192
0.020711685326616405
0.01006449087485346
0.007499622986611482
0.17594222392794767
0.49200326999948546
0.11886266637179525
0.08069435826469804
0.08191810566513506
0.11175638961100343
0.37219806336305994
0.7161963068000295
0.01956721727678804
0.0019970256569941973
5.872357381049889E-5
2.2777592600562097E-4
0.0022949956732741766
0.05037762194260982
8.983750331678466E-4
1.608216264027075E-4
5.214912296632526E-5
2.236613608035671E-5
1.1095488917227025E-5
