286.7506140888865
643.3506947903358
1624.892766571701
1762.8745478425535
388.3335854461915
209.98704737547098
17.36281500307323
1048.9795741782675
493.5093511307942
304.0331950136558
47.598536268657725
329.4801860903183
286.3342144815241
827.3542739619048
967.9407331884923
39.5429761809982
1848.2777195149847
2134.4669616498913
4653.470615066749
2027.7302829630894
336.1756232817995
728.4455300335711
259.4323274963765
29.960443025197478
2053.3425529543383
56.99898518725114
137.04911862539623
102.00724073787617
4735.974625673183
55.96587698025996
1024.466416248014
225.6862421558649
220.00921496008442
306.5728470088503
287.2340477670032
215.5244817281173
268.11758504529416
2867.983212929703
540.389009317572
1290.8049227080785
1517.4789531776255
10.866815023598615
119.4123726123207
500.94879750954584
155.12534404833545
1607.785611225257
596.1254442005281
2248.131844925634
1108.2246010093022
624.2254424087362
156.7957270392762
68.82049060911802
22.67271494914848
691.7668600941674
25.87293119619213
2124.134463538548
263.28635995881604
126.26370729050112
257.46544109652734
2008.9209186566354
34.08968463642398
706.743861405154
146.60801492581896
132.73457245801652
534.0776418115138
37.056109682786754
30.621554606375852
1230.219792205209
4.205614990779646
2978.3673409852563
281.53438684341273
137.26611571186848
259.65679052584585
1584.142405188083
483.66490882721297
234.75212085858638
1105.1090672726336
247.64331035998543
2530.1855502429894
2046.6074148267066
177.9454483213881
1101.296072764498
575.5868086850656
58.68938109316187
31.55744403333108
32.97483784929363
37.91593954382791
68.31992395636473
1963.5617750707079
958.3057562332796
129.95894145045074
907.1657867495152
339.7420404665497
76.8852987964033
462.96434015477644
205.80592161236717
1218.7135480539446
667.7686853402608
534.7145745594258
175.9811217566539
215.6902705291859
40.51526251014717
715.7548616528161
261.8312004730461
8.810115177808648
740.1745274756868
939.9546116075893
123.74330787705607
1108.8146019912776
501.04585910738183
1187.710455482158
423.53155782381066
488.86962892415164
234.8209278097923
427.4501800218339
48.948986188208465
710.1460853169417
1026.5017080777118
433.37100720109015
472.69840867936347
275.23277608779256
871.0419256470399
100.19884454845965
474.8734299323651
496.9985762127344
193.08679841896026
463.93194247193406
1170.7026738881616
72.61871301346385
573.6664951509085
418.7131107184048
143.6500245113754
311.4585283910517
100.92455051331916
146.36581394632134
173.36198301393244
633.1413608933724
204.9773564577511
815.1275504319085
85.18108181077578
1027.91495953414
836.601263309929
428.3352088418972
309.85732140949943
105.89289343198409
123.70010205968958
342.1400493598937
2580.521936415147
1339.9523458677747
736.6093583731245
829.8183123620865
699.3542066507541
463.9582315817783
129.77081004038075
24.383616561437385
476.0982979816798
22.07865523140407
609.056722005955
623.6179114488374
66.69297707980859
750.8450195413243
1108.6751888149313
52.088552012100585
402.09111730350565
730.2396844337197
170.1327446070548
21.61944348243012
1011.1700174101553
310.51990497424794
506.88274819435685
468.03322385189415
1056.049400890148
511.5043270182663
313.1899181888462
20.877097034296572
112.5668249987054
5.287561879516741
144.21714000348055
2002.7610515164172
129.48350677748454
12.970188418457383
162.1766596515914
14.840397833688677
10.087272159291985
388.5384925257226
107.48748096118669
1.9433255963488856
66.28958847541352
110.57940946164405
124.46358386653812
293.44376157962637
722.0756523203913
238.21476896544044
142.8105935728148
120.98900199222125
90.3652718115761
293.459802961406
32.354453537597756
9.050250796303631
540.7234517176621
1483.0061018702977
349.80895727149533
537.3899609997159
183.615388924817
177.00274709038496
20.143955134505372
511.620900094401
303.8974163814099
1524.615847429808
66.50908413340943
152.10085639036996
1088.8186484735884
597.050682225894
108.90795052033656
564.6062219633978
126.12114594136557
39.02619041818753
0.8955536571028231
741.5328047411975
293.06605306792875
542.8214942381417
1637.3556503087175
1423.1976654814234
26.317316117414478
179.08997931967417
81.76583885386634
16.3919232145986
62.85962849114492
221.40363627876854
1114.9134719679944
525.2636080480002
247.09018648667453
96.969467095826
351.61938885006447
253.3837433546888
10.34250699933494
112.22825155213722
933.7909022209719
610.9783037207541
867.7718309915974
1657.4927615111412
60.33828662519413
913.688869494068
294.78016099060676
14.630607330922548
26.647261230746793
89.64389007044181
60.356676105808546
12.672604562177577
48.37868207290034
282.3642160925839
673.8864045007263
18.017547570241955
46.80207259157704
185.17050823735005
386.5280417643876
728.882342754162
371.28153176823116
164.74224833354396
48.54098092854002
23.56279127433228
640.6904811333948
244.11817218687264
37.644770995314595
16.841258757927225
69.63321301778069
62.94730458149141
19.584620178849086
20.7664997830295
256.15528622326826
727.0869777094465
36.76349647791443
1322.2660754086364
735.6163378977114
456.9673052063733
690.1060186287812
85.43843360321662
4.442270002859985
210.22666383482849
269.7052951100527
86.967764339175
167.91474863190396
365.18738161243397
851.9118167131343
134.85051481165647
47.067950255187235
18.31110955249635
42.37356680265168
104.67293090936676
22.064962493007965
973.2705113759757
1029.7339298438503
318.2810876970751
164.98309297819958
501.46483536390997
2.09219990845633
23.387288606606834
60.58266651596132
326.10131849175184
49.59746489717574
312.7295765125455
581.5237611922506
87.13092504306442
46.772467110344984
892.7214770258795
164.75921169515874
300.5432506527549
12.407352387932146
75.88567085486801
81.33642319753015
243.78149543295035
182.19410689587426
785.666911016827
293.16316882090575
2.381605481534595
10.188654092530347
145.4005461819736
54.49763120709122
45.059283823091974
79.48107213749552
125.64501708611284
287.0839000972219
148.03055618371292
43.48985598872549
35.46778205737512
27.551372382439233
1.414389074977842
54.84324767045909
176.47970389028356
1.7346200289970881
5.077563910827901
56.31273100794711
5.127398716219579
36.95637561103367
787.5408914256853
53.632628393419346
0.30074853245978705
32.88408166613422
5.896561768795667
123.89534030840932
186.8409745492143
387.09294944900995
136.40892367518313
172.93368617670092
113.70115989509334
301.31642137319494
11.912991745353445
44.530943296047894
201.6780985484544
102.51893982136733
16.691466036033752
298.3417386003869
200.90413184004615
18.665213305429425
192.39167548318935
182.03045943937607
7.006220668453202
134.05058235586264
9.529231882068645
32.525190409146624
100.01571630036565
159.4067688210922
221.47319593138664
199.47984641934644
345.52817253625386
615.8425019176043
93.84537051093743
36.72022974076613
28.924262234699775
78.02288164910642
78.68094716133209
200.98643515403973
203.46165782663724
11.745319433356741
174.31459977099752
45.76094713510368
133.30087343606783
36.46292349408274
26.263439444600234
18.862721908605373
70.31621621480708
26.47451601756479
87.13241348532625
104.03687734926295
14.592439285875368
202.80155768985875
87.7091809195037
36.613758238614835
71.54615949883141
70.44160175734355
14.718915689770627
128.96037051992815
35.555827710833164
62.5397656559003
71.22124506501173
159.27281023273548
83.64232953478927
4.224409326486818
63.50838477795027
37.83064655685035
53.133594547268586
49.93890049060121
150.2048087096804
63.352279317000566
123.82484271495694
11.577219658437807
123.95066224122516
97.30474167816193
0.6355263704320405
35.21163426635494
77.32247459921231
1.6302670134699522
18.43680639417038
14.696970740638761
60.29609718949072
66.65655524652803
126.15077993376418
25.650263795898034
51.128788708115145
3.2761754890500967
23.116155510703965
72.31215447871875
12.143314064375206
80.24008959086414
162.77209299466156
7.073321744186364
2.0227320274965694
4.624096239838845
2.4383088391610515
4.007064313369311
40.72437300781944
76.90912630100631
7.255763682712744
111.72697694547692
167.5807105428813
9.875659682958904
51.087643787805206
18.651110153826433
33.46998948658501
96.2908476559991
17.87927867213052
9.237694907379753
19.592189093498142
153.32021569007225
0.6546032290541095
42.97590739988043
2.069888951015731
0.2754567789600164
21.76462157614877
7.681329379019601
6.377572744941171
23.731802909925836
3.3218832854032327
55.46099538636534
11.001171180767463
6.488448262083729
12.823654527140091
51.91433635130429
1.602480676464077
12.644378385684984
0.07352736978164909
3.9693782014184977
2.6710796078430827
9.327246175854587
32.41381061885812
58.464011418613005
17.05895766509145
25.557315645245616
5.188179322205633
13.836223670987348
1.035766502913253
0.3690311066090771
29.278844033012206
24.128941446540907
4.018896558399502
44.989945584570364
6.142670221158483
2.672645175457969
4.377788247282826
6.350452679661237
4.45153727354294
3.4506754624989857
4.996908713321158
0.5632935846543636
43.68133559773519
0.16973096157901535
1.0889637125611116
0.09549991874325264
11.150645976237977
0.9415126033893374
0.1440254882722619
1.3578579652311293
3.0335445855339476
4.287406944523965
10.5321887102495
9.040156438116343
6.634970651636414
1.043751343062489
1.891854780915094
1.8534281481379775
1.8975118894323346
0.5788048993431231
0.9179904460573085
1.3921320884180086
0.9961538845043374
0.45909176981771316
0.5583912109495653
0.40185283955092926
0.5496520732874018
0.6257271688630277
0.7751927361925837
0.685437655765105
