0.3820256608763671
177.70331713586273
1.7149299714215926
14.491590470187415
1.884517298097331
12.44321923615631
4.204843332607612
40.07309782384064
1.5858026386096093
166.02215267677022
3.6957144732841085
120.40971221173642
30.088994246883587
0.9097305344416737
17.1842923638385
20.92898211580914
19.104477896152954
60.8346577459105
2.444320279903346
117.84311049539974
17.089906564696218
60.76549558581151
92.47375085167374
7.0681228096907045
27.14941789866159
19.371043533953422
24.16100159894352
43.432837651771834
3.0211999971235732
47.27173462020551
55.09091942442613
15.405456093727018
175.63498433852533
13.553639939453365
22.640992827468537
12.134719695705375
17.68596167128479
17.232857541840872
18.817944696459026
10.954899047247544
91.1344595042973
2.4594457254840245
208.1565731429351
3.580047935399446
4.673703210038537
1.1403298096243388
9.721105386436582
0.7062632806788234
56.49651483038379
0.8438700269992813
106.83256506462618
0.4890768458020678
181.2427755617512
2.7062104666263727
1.8102064694223472
2.39521381806924
7.168491755059916
7.824496044473433
83.9062106876353
1.7638052447999983
81.12663764637145
2.8427883838202366
109.82072270502216
38.86455539648451
20.301960977895195
7.941873116601551
11.159909775446444
18.86058659415818
78.07720248763658
2.5083825793630554
38.287642800881585
11.501733821908154
43.19581085622097
109.7313378530951
38.717422155074544
6.976608618084117
8.651890945507667
22.304750092912077
45.97044820933343
16.51058892471616
9.466306738819819
25.80052186558049
10.443398058463366
165.44674935085624
29.623029886273827
0.23076936055466887
2.488238466251225
11.376394191638235
10.657440972335433
51.9952998834745
0.9821183812737996
36.8815546022508
1.2517179822100977
179.70370481633225
8.7329843803139
6.4986639389776455
0.005843481825450144
5.290790251195817
0.11674881652241274
82.41006169445265
0.9550188046611806
26.848174182514995
0.8176183254461141
129.00748707053788
2.783738742266903
37.24569178115141
1.803417531513276
2.44315047784799
7.734530842430808
96.48371931292525
0.858297713096613
12.715061937866928
1.0554515546852523
73.33817398063107
31.725027488476346
63.26286004807144
0.9113342907318926
1.5600377549993214
13.203417376111803
66.38026512661182
8.48027601018196
0.8633091490993984
2.741561640040485
23.655498438447218
85.86161151607264
72.77302394366112
0.7103503905854871
0.7905169627419207
14.273046890794589
33.205604515685856
28.958520442718793
1.4733770323440445
2.5524890893125796
5.938763455900751
111.18730106033077
42.17490915225889
13.29385966940923
0.15118017142778786
7.149742524826596
5.673465305897809
63.363396743356155
4.668563976666259
1.8842550237698823
0.5486924300379219
110.03013937549417
11.725698562252578
41.69658397098997
0.5813659517621448
3.187423995122411
0.03926468972212653
77.30401578603177
1.8327118400821083
0.304809028855083
1.0276106903301936
72.93119686688199
1.6888589995760317
79.0137862354735
1.0259874024126896
1.2429888222384853
4.501955303853508
70.66715053473543
0.4242049052031627
4.578834776616574
1.0579620455221046
38.825377878048506
18.014153806132477
92.8554005282196
1.5813176162546936
1.2494691578383155
7.927089829870299
43.78440069801222
10.465226919813965
12.521140727813176
2.149136887543302
14.361498581367728
43.6211866249219
75.30199841284433
12.83026872149642
2.1701641252806914
7.961990629947549
17.217538998625894
30.90210255183191
16.407806859307236
4.501289169593411
3.605561228879829
56.915813586683846
41.281599869107936
36.16876373206226
2.8236714490190122
7.486657946539962
4.19242043981683
45.75358680266877
9.828663512825038
12.865229474348109
0.37580674307954737
50.160407220509484
9.71409378488871
68.92689429126389
1.6979069922794559
6.384698042955778
0.3122466970843744
50.740757143642085
2.3532723380651115
22.625066824319482
0.8121506261626308
38.69706598638504
0.6577064181626262
81.00509027574208
1.1525684144880826
8.863717279527725
1.6301181712779849
35.31280083528687
1.1595009946538926
35.540591716695104
2.9959892748071417
21.518941282444043
6.796511055506869
78.65947864042225
5.990404444991724
8.936468116258139
4.7033424877391266
22.574007489231192
8.004165132449852
32.61225149529071
12.058770419777854
13.529168100671786
14.45611766344137
48.38764203220135
24.01173206599554
10.538501496443958
5.807341669781976
8.194365792998731
20.321619415787822
25.43876942013787
22.61563313481742
4.774677465322359
23.07213150363489
24.927820252389225
39.899955059488704
5.134104852403617
11.084860883501566
3.2703746241312377
21.809079425324335
8.786738544572964
41.724898749323735
1.4641212400287567
21.829018719420617
5.649298105714012
54.64845548337419
1.6464272032122051
13.721164633336024
0.757330603597819
20.970351211939008
1.6534263359589785
48.480944254257885
0.46665344182824353
23.461547458163956
0.3551346624474633
47.6359792261235
1.3180603339583825
20.078609160916827
0.43706564681916765
13.265326047588575
1.1766192908627855
49.157426820965156
5.137686057851475
19.840368663436767
1.2036940818429218
35.1591982428169
8.056742670040855
18.7441278590358
2.7860661030815685
8.42642866707288
4.7799025800260955
32.8184177289705
19.0849899260976
17.136037621131724
4.132964624753452
18.236771846317097
18.10860357588025
14.444764299753325
6.38764571131463
4.911583002209573
6.718672711068053
16.163322934154884
35.28644056964383
11.002814630127402
8.371197187123617
7.337861873449896
23.17344633766812
5.883309402016532
13.712006659458508
2.4204003464521624
6.559203554352117
4.234983991173334
46.40014165562915
3.4234045143928644
14.251049778082319
2.2611821749854264
19.283162192111604
0.49441592749415875
21.702681771508942
1.335810632917974
4.139148168572301
0.6267987638801538
46.385851694788606
0.419235824885512
18.812040324391205
0.2757418922013519
12.99374697979054
0.8207408703086203
23.685220589305636
0.11898635721727654
3.8436171204217207
0.5390548563149622
30.76575660567097
5.389078132569253
25.181138329699756
0.06735026721029269
4.943929170506857
5.218256285289571
21.893547005642624
1.3840522486502649
2.5717982310465892
1.5695350295554293
16.599166767420208
15.496662659566933
21.42471585369516
1.861189639692737
2.3087564482816605
5.512318410302591
10.677249239947649
7.5082278790825505
3.613154010430047
0.5485959284412628
3.914173607596321
28.89916653316879
16.703656693329595
4.355253327245335
0.45906904960189066
4.954047689690378
4.1045251116821175
13.223900242882088
2.100845813307275
0.5974179836124444
0.7888138617555314
27.331682957081103
5.0047481564448795
12.636371380548907
0.5475629381436942
1.0168525624066054
0.08691141731192097
21.40241459016803
1.5455481036529461
0.18182009560629733
0.2449603274783863
22.407444220386612
0.41132273815728815
18.249630181430913
0.11701747982171318
0.20136329191590083
0.28634885201137567
18.188741111540132
0.035819088384066645
1.0129730241146893
0.17702601922832098
9.086602143429769
3.0295526174009093
25.159711357797857
0.24408911829422578
0.3844202944340626
1.196245923627413
13.649990098106645
1.0397017620035216
1.2330518367789862
0.036074626586570194
2.825736867039879
7.900177239214493
21.0498530646139
1.0519565481617548
0.5877282124688548
0.19123319328097654
5.196297838114221
5.88287947816813
2.608908235352633
0.09824210903727143
0.0620383410106503
11.848243443348524
13.507836875283871
3.919107901090037
0.29609612529947626
0.25150795542650295
1.118743219479743
9.929997950175238
1.921176524456073
0.39097330787751505
0.2424759054214727
8.878228443122536
4.576920944795048
9.147282714773086
0.2849286597898565
1.3829086270254474
0.2381260022442906
11.157277958531088
0.8646644619786235
0.13601221153553833
0.13395489018778384
3.8360250813148395
0.1785515110602903
14.593085498589629
0.025879762013305472
3.184359837590426
0.08351720507063361
8.775548892813566
0.006200373575557077
0.5817979295007412
0.020585054720090465
0.7895519649256066
0.619114766182674
14.471968394704515
0.2356498274977831
2.564377105140087
0.17621471745678022
3.5296992865705388
1.1035807541534026
0.9955874921003729
0.3475846439478282
0.08492296299310105
2.496414047898213
12.239165775810743
0.4563053674636226
2.099127491838779
0.37356257982089747
1.3612875164289884
2.2556002003541535
1.0534425623746908
0.2902011095635228
0.21638382168113263
1.640923380568803
4.95977114870824
2.67928900104249
0.34757314771725584
2.2836373765438944
0.050123405664382684
4.128034233306841
1.112984827293518
0.6690336366183821
0.5336638912878089
1.115905795236036
1.9046957676562646
3.4501624044405155
0.20555124915003153
2.3065840952471373
0.05975278930414194
2.2209565962125284
0.12023798096133405
0.2031376842878493
0.011338275528492488
0.010710495442692116
0.014360768174983524
5.373486428397837
0.020757916146449236
3.04329160055679
0.04216997705445939
1.5760343117103615
0.030123688697663163
0.12372809239586864
0.0306497734329466
0.020834675602587453
0.021068440285240537
3.0113732479141557
0.10397484228150172
1.113968671945127
0.2627198271740877
0.1778214437113885
0.35116718775891687
0.3907760351202821
0.2088164534756558
0.3947170868149864
0.23391349285546698
2.01603650148305
0.08328351344439539
0.6220521762886143
0.2846580337336388
0.04049679949518395
0.2250453951953992
0.06481311830469345
0.12687677383893908
0.09723440302182491
0.043118015754186174
0.33957564289539877
0.3564758990128577
0.05965957205977901
0.5077447038787991
0.05749388816561615
0.23384835270254828
0.12056759674804365
0.04992933887897195
0.08076476823933848
0.015401835646823929
0.08681540665282338
0.128163613018091
0.02965728069808846
0.12962105133609514
0.017576354285818847
0.040445344174415115
0.01741187129337263
0.04146008724776174
0.02162855819791172
0.029307007478314554
0.023705078144630243
0.02717374418236853
