1.0801232335094972
362.2032719282178
24.590874905225487
29.178067708063416
163.4397264741927
1.2450470325259348
5.659605246568356
5.850057796090685
16.171064472763213
34.5851660599121
218.45729001612867
9.619373505689225
84.12624263852567
47.90189741315848
24.920991951852137
43.5769774973196
69.48817377266612
117.32509699970495
47.70737126437385
124.30823711120306
167.72890682301664
31.89011518198848
170.73320338623478
165.82452022334815
97.34715114429498
5.800194748800792
870.0636720354594
54.9338642546445
127.40008683236073
138.73661945892957
419.42362821915754
111.55948689428229
129.68291259660896
9.531950631491577
33.55177221277224
208.74777805290591
632.3554546923439
144.09167993703468
97.68291472442368
4.09363573711183
345.90600559967265
293.7177498277267
14.955709033508803
63.94728391374024
24.46189453736273
119.36864120435632
338.94761360906637
86.08512688376695
6.862780490469795
55.8013573917562
1810.9248430753012
900.5424310517548
26.146350154113854
62.331711173060725
241.1107656629564
122.97421305867701
61.00777417134863
211.09519324274538
41.03596317566564
105.20917284585042
765.9157924708937
1297.3102974532012
430.2855832472698
419.09577592236525
213.8967471186691
126.31844333750283
0.049895503367372675
322.3270491329152
35.78816911714779
33.57933361564363
17.817632692052744
221.54109571354104
23.77984062235948
34.42190765518816
131.92103569861695
17.060568961230306
302.57785421281073
3.124913587345346
177.25118567698792
548.2310284347595
683.3140429592105
3552.5157277602475
569.1699545405461
60.85753284185771
110.28246241061362
397.30662183855895
176.87104502843457
36.34127021817063
205.41007583730786
86.60859527546704
74.91354806296076
2109.317793742897
1978.8964126017777
138.59382486093187
52.36098102905737
15.12221755452276
612.7460120474757
2.8100622715641195
2.374988774643394
75.51732073806916
12.955075914085482
422.11648764135197
399.7180095987891
29.103888125960346
21.61034685533507
133.4573101328551
853.4716311513705
9.30071842971526
14.945387587145063
16.44308987988036
89.33541601290167
114.29206637977794
531.0498423761637
89.18912874834085
130.8441254973589
120.26850224193313
2502.6462821075474
376.74580057487333
49.648286974810965
50.119091832111124
180.1713141888659
57.43482054640928
282.2199683861775
38.367092447359305
67.97177760880824
279.02202682093105
1233.4024218984168
3175.2454027000563
167.80452700735293
293.16437038849
375.87664640290757
147.49369097588533
445.3258633895886
76.99098670600323
245.84685791887023
673.7068729794064
3307.455692092315
29878.06318083037
783.6787371117426
463.6464733052255
94.85733390737514
341.0642262191358
28.3475691406953
276.2633750158938
61.98215494881745
1.0483719488453453
105.69279218357423
35586.9851416859
167.90978709095
5.071282148918707
29.823634637651246
19.897536895077607
176.74135861409474
18.663967370012497
68.74109723191216
3.4541194801340107
29.561012394066747
2394.2404425428135
208.72013884402355
199.08016170051403
31.99467984598632
211.45004889121753
34.08945391816381
11.614747500451745
90.67012521072309
186.75371718764748
60.031888142390564
686.8161224484977
584.8275356701012
141.14315241910063
16.337848501339
141.74200894587088
222.5169627411789
104.27474156157594
177.40269989479776
45.91391655374404
5.393406913014024
470.4584471990015
1309.63992140365
33.61989250366281
22.95906186240244
16.018521846380633
326.3540465046889
111.9077074983908
0.6245606640621455
63.1898054226984
2.7763174982223076
110.19096954393319
629.8658843306652
7.33712893909539
0.7909353820509475
30.716078183732847
1042.998998374696
380.29296719543385
11.686392319382117
40.85485653588584
141.58509603537146
61.667399361988416
245.2343875211113
142.25936520287667
5.372000834397889
85.6936089719181
568.1276094762984
349.78421423190554
128.50094692748388
200.56668576644503
82.31134498859504
12.78495066950428
88.87499206775888
290.9303605271078
46.59015450252251
57.928451051734626
13.200548189546108
349.77871459314315
1.754070732490697
17.47586657254763
57.545972879673414
27.385194826957253
272.6697219458375
48.26626405798301
21.605941829899006
159.93907400228497
517.8184882706639
6023.364782297351
229.17775613673172
30.989325258579033
33.104267861752234
240.86393756168465
18.34322589871187
243.77662541868662
13.380084605176336
59.30820774020565
77.35297288533565
4120.136846537676
1509.904018834381
181.11241249426226
60.46480861668841
11.120507913148614
232.14332578564574
86.31165512125276
81.10173746614318
49.63142083218093
5.309081788890655
626.2006735946127
339.8797179128184
51.562989059914194
4.451997102100005
49.061403234153524
213.66494206816074
44.57157910552042
21.550640815694965
28.66615031186319
33.72572085976434
125.00796359130115
652.1656828929031
0.8145058112293819
33.06346397098159
0.8045713405877684
636.3535695546129
120.4891642661783
32.11003063729767
26.95983418588819
20.020521766597206
40.901513494439385
193.6775913010925
43.928786964039006
3.937544249200665
45.04721802429794
293.3001194938879
533.7712803276096
4.470057887606365
41.27619657833962
66.62225424094731
70.03281359197338
186.049220284001
8.803029337258373
47.2761634761801
139.86714566710089
1151.7030532990862
3104.0021715567927
57.55749580535614
43.58622763596949
9.711757450113671
174.75523095898535
12.986958413489791
168.4191106797955
22.860485649597926
21.134368171247623
154.35435338635
4006.343883491366
340.1280086037184
103.74522803769459
13.839747368347645
30.530402211855282
170.3146020462383
16.8907505862978
35.04757577071899
10.509529045500376
1.0415603680424357
205.075895882837
7.641664240461279
33.10954827722297
26.291248716119384
162.0884082022959
48.8852923632272
6.942614671023092
44.126395225467896
106.14546160253865
67.1338753826222
180.3918765401416
289.2227224967381
43.061860972308146
2.6645637647977196
69.64728160463574
118.50187794763345
29.41081712274476
66.6443514315895
18.97886883368895
5.357647339603773
172.05404905724612
465.66014074674206
13.532400617367369
0.34384209058985615
3.147298151983162
266.58638767879285
46.014867935944665
1.1438456732253843
25.684728176592095
0.2504467761920618
44.268679596693
127.35144876516513
6.165919970548281
8.717100420176982
12.590363458414277
483.7256519667561
171.37782856276985
1.9375960422438152
16.26639288720245
61.97746771552151
35.92186404555308
75.58368993471296
47.47090184260127
5.394684140567246
45.94636606202705
187.67953217980462
217.27235568840516
18.719645892555413
57.40012605604818
27.467028926873596
3.467660797716543
10.030008555516936
61.30813299064982
9.140948963109143
56.0426205052056
57.89019302317367
654.2314066468883
7.9575289551427355
0.9159323687183407
17.954816637173515
4.801509343035729
44.780776686093496
4.964804773098777
7.327943730274093
1.2269497114239147
39.99821578632339
8346.01288244263
24.401893486024182
0.23825955477400357
13.865140251658202
60.82314197379487
6.14205878171499
72.71951265226136
19.900580622469533
95.70278638815422
159.14043926513008
5968.445005614736
649.8748974171799
130.19481043262056
46.72330982631425
14.388436379579108
81.83030907017536
26.645831892372886
66.75395036116106
51.17690523302011
28.790705179256882
535.3841046727894
204.35506747277682
45.42171733574355
10.870493062119015
6.027333795243123
43.54608084852562
8.703217949542456
26.809010031471825
7.3220912051964735
7.1206272508143
53.03817998029923
345.78722889265777
16.30694556938001
17.407123033718506
11.640627038608859
67.9876211299991
14.350860385436206
10.999899697363098
1.9851178957532114
1.7688097923634718
1.0789303562700825
97.02852725499358
14.866720076326889
2.358438188048591
3.1112127760259694
41.84781143756114
43.272744899294594
1.3001883468676465
7.418505352355977
0.22832449812241878
0.2643283501044958
56.384404238408976
1.3609951810719256
4.608094482581998
11.924434500326505
166.41902042439298
173.34502058524367
6.014788478779463
6.792199759045015
15.731025970105865
2.717159445557958
12.907517945335549
28.292500617906374
7.66120858966507
4.123190018493919
37.598370695879936
228.7430397916529
42.87366308790519
33.50907387243531
10.550748295090406
0.1810883675574564
17.065047076530906
0.9361321545455838
7.040158631660795
1.785974668633448
1.1991240264902652
10.853318255734436
0.8477051408286882
1.5508935777266761
1.6039390470847823
14.012044743545456
0.002102978456342639
5.15958987088973
8.46306648095309
16.054828880899702
15.951623473578406
46.51868201951095
26.550473241640958
3.523846328304875
1.3272607343863372
6.5893970531770005
1.8368197427201354
3.568930562492218
6.740650722721423
1.6775025534469301
0.6769093549230912
22.41162211941274
43.29032409525094
1.280308419731865
0.151005637968317
1.8149845798566047
6.84134473678888
2.304402007590341
0.45122561257073557
1.125947756237563
0.25109110230000714
4.6967314544748024
5.262033017746936
0.05916939386254745
1.3397794181156044
1.87276892457606
7.776926680360375
2.425521455397961
0.36773201780279074
0.09837490360371991
1.2579964253010234
1.0152059475231863
3.573162296964808
1.1040355112653366
0.9447694357595755
0.3786668988544044
5.559586807650868
0.03425531736513896
0.5296844775157009
0.828414216686952
0.7801597969424741
0.13273867333954864
0.6330802493350196
0.42334214601108505
0.1457853593952882
0.3197250543780308
0.1677060501176496
0.09241722415207632
0.04603154914493481
0.07627811937468199
0.11412646474421716
0.010963818140156512
0.2057495767119597
0.02638125755954211
0.009745246971596505
0.0026989175437517384
0.0019181677594842558
2.930176163923839E-4
0.024616201925656313
0.0024718573050340575
9.258586848231104E-4
0.0034092192062892476
