2114.8963493035767
0.8815855846195398
2.570911406050687
1.7526943729299322
2.3086764083686613
1.3264272067988854
0.5507641969033902
4.09239366250003
2.497050042679688
4.923826274828868
1.286745208435723
9.032016502911132
11.110192994336701
6.541382963278743
3.615538165706801
11.443982872127382
7.482834918415085
9.453135599161124
10.075327038484698
24.261142921499527
34.845944057976496
128.38739456767286
520.4137470759676
91857.12150025541
207.05723800304557
84.67246965537025
55.86969432608887
33.015294596185264
33.64458065315341
20.626827751660436
19.40446095767945
21.76634996276012
14.848772434516686
15.205109697010082
13.328833499502508
14.623134831912365
23.01497723274474
14.71570684568331
29.6361706575412
22.100262078131777
40.45902355098858
40.19575786131631
72.3518233149928
111.6561131092275
264.3334846675332
1276.5955678866455
67742.80217949723
396.26470058221383
118.77939633090293
77.48676249190596
33.177213814483906
24.649784801522785
14.123405887181027
9.968846577277043
4.764290837215977
2.0757491974806124
6.647883326178252
4.342515755161734
6.805615058339441
3.032760376270472
4.749117951972849
3.6720373900243675
4.121874798427304
1.6088218552748499
1.4317170138448152
2.0437890640171767
3.1947861167892824
2.212585733250376
6.351130784318961
48.17330631895258
2.31135145032978
1.1866134282986067
1.2008029506703781
0.8947127787706548
0.3638310573679494
0.16652609991566725
0.3342328743288117
0.5065072189868103
0.3057635654299782
0.16416826982103042
0.3798339806090409
1.546708807378303
0.4794847239258041
1.8890622541925883
0.6477814765166826
0.07087327102125704
0.2549852336102896
1.5550434415520866
0.1294495708694087
2.9673503297633768
0.017905963893672255
0.2866854397698129
2.436910044742131
1.2863343746519018
2.5316174682643506
0.4564283976812705
0.07850241133089415
0.5519015748087579
0.07684520400190793
1.4586651591699369
0.011570371256761837
0.44529885085676074
1.3636708862132423
0.6606932231642312
0.6654086797669873
1.0981663360722385
0.9368732371191426
0.09645475341925587
0.4453888124811313
3.2877985760063195
0.4864940517887811
0.3715417919098277
0.5319798438524621
0.47271757042547297
0.671688900337239
1.4067661148017776
0.08346740734645257
0.7242800440215826
0.26128450418695737
0.07511423199587333
0.6396046909597268
0.08454279923509612
0.5103123368889488
0.27042676793654996
0.7125302410045634
1.1433506578091615
0.18618125517154233
0.6754481823902465
0.1550876537829061
0.7668983116517798
0.38411352163308676
0.39045003504039144
0.4118374450560842
0.3100732855171593
0.125418229447993
0.49757505841621996
0.2040217355877283
0.05149820578012258
0.14507748705877307
0.8473586015283956
0.2596880536282113
0.0241624544341187
0.2306871270332866
1.7145385241120508
0.8936046240514406
0.35344361918525335
0.7341238648524899
0.1963736843662401
0.5678337432581966
0.771360589294597
0.10235901200130915
0.2663034783865292
1.4438764998334492
0.21086105392604798
0.7516942318754717
0.8589712970605343
0.6824660393659037
0.30294677348492144
0.3002357934518185
0.9846197650674416
0.4017867583333088
0.011775674539241499
1.7101501697302401
0.03368173075891901
0.5036563803094413
0.5701156557005196
0.19263383546035812
1.4638133376333884
1.1471545512024213
0.2300482461782978
0.34580056086936994
0.1288319986534333
0.931322167559263
0.751467111330959
0.5110785107148914
1.1513938959088554
0.5070897799474529
0.12986902321040872
2.953257477655269
0.3533968560039046
1.6950783978166268
0.08704796614146089
0.3497875367737519
0.33285062760353806
0.3772768359400828
0.03148340950125377
2.73319617861222
0.7259413924501521
1.4299863842747507
1.1150249541465551
0.5931291223761375
0.40884562551863124
1.3367506640014208
0.8260506171101107
0.5895803902423631
1.0099604384584457
0.7622607286798476
1.0265484194091288
0.10110123947620045
0.07395853951473684
0.11215631861855226
1.399473831631195
0.24161113061729225
1.5315813089889632
0.8457256640413272
1.4918296815244483
1.1756859552634613
0.23573137190483784
1.3979427971688518
0.12346583237087237
0.309566644272359
0.1446100641087922
0.9439517221661087
0.6369438822272552
0.06640680658958077
0.42400564360769316
0.5801489659846701
0.2672358354754976
0.23690435420377826
0.04240743163027402
0.1834682267079971
0.44158381706753835
0.8034478257808316
0.9233508423529142
0.11881198671397318
0.1543730695280806
0.009419635288435427
0.19519876813988368
0.5253270125273074
0.11538834485185716
0.532283188676622
0.48884004744901216
0.31680671654790155
0.012703704007951228
0.044129522903112346
1.0686906158454752
0.036378594067745615
0.3939928631311183
0.043699423082944513
0.10367436546575001
0.3835619999339414
0.6229662304807675
2.7324796596758505
0.06478573116033769
0.8525889088897396
0.8669415585289468
0.003027539103193116
0.3038598277963086
2.0124053646970146
0.5230994664810013
0.34117417055997995
0.7157942563915515
0.04034735782219319
0.6667408215164174
0.30956567607360874
0.2838036735595089
0.8547690687806686
1.3513489574767987
2.4568098102569804
2.3811109384167506
0.6548019687495132
0.14251329637135182
0.6173433200675286
0.3528347975841363
0.4001381565179301
1.167362751300389
0.5080781826433438
0.13473694599619354
0.016128371354113345
0.9366546082913803
0.012298008100249995
0.6329608698877974
0.19842838065061535
0.13824851163985455
2.392098725348251
0.586979707420692
0.18786984990922068
0.4373548651686657
1.0376338015616033
0.6807672810577052
0.2875335891083231
0.1972384284325476
0.15245237823421906
0.1013856791280097
0.28083250204111265
0.22439570092508235
3.4325695727633807
0.6372298366251677
0.3640248206384632
0.059245870674671956
0.130612720304364
0.060249777073051396
0.3620960929822637
0.11771602774380109
1.1799770225470236
0.9699491415397031
0.2760237368381177
0.5091970072262254
1.5834381641380713
0.5637158827602157
0.31213114755301896
0.8436274667525151
2.241191489199622
0.4931344988799055
0.9499041236569427
0.35187409939633035
0.6689977464309604
0.28501765389218886
0.29800902419148156
1.2378350904648774
1.4397355635657603
0.97517787086749
0.17397895186842674
0.0668111062573561
0.40642552659848435
0.8244497807846576
0.8656498818607534
0.09183093707486041
0.4734935885598093
2.3042824720620407
0.4590887271281478
0.2979836637782554
0.2503644333837604
0.0531776044703718
2.49686794989134
0.7007000575188137
0.37073844534599637
0.3708655106467285
0.28656571221251137
0.5762044797222157
0.09470063045459812
0.6409847472104552
0.14465116904142283
1.6369413029933475
0.10844268369537635
0.07486982565166836
0.1604166043126923
0.003404459363847105
0.09845856321450071
1.6073532149058174
0.14127218503193487
1.104136656907448
0.43014973603279416
0.27697371575422025
2.677142171634467
0.5093996693657799
1.4190236745567488
0.2548674161110255
1.325424573431241
0.17685658547073016
0.017686351947498825
0.3719878485050887
0.09871904072587508
0.5261358518440237
0.8460186114636736
0.29365281188047504
0.0772395764487789
3.086849827294696
1.2665286856456968
0.6842768327811857
0.674492942957465
0.3835487329031406
0.17842549740384994
0.5317346598579322
0.4796740754580591
0.7641636561424707
0.27059878844307744
0.5231748783637311
0.28532295861108115
0.25689760018437696
0.08305619310872425
0.23407740961041318
0.09969454678090427
1.0948307970219646
1.3999759220610388
0.40635293497883274
0.20694870408610883
2.764852460681631
0.5689384013075239
0.37177932663121416
0.2916353377529709
0.11454034804921281
0.6223942923984752
1.93910682684868
1.1557825449231818
1.6513942412922127
0.663163214456641
0.28511155166504815
0.0930382828153594
0.028414230990991305
1.0650928326630595
0.37010411761262973
0.575887843907089
1.9540657538871857
0.1363708810546887
1.2940220129203597
0.7382414327164175
0.9912153456263606
1.5915870045886729
0.3690344765892695
0.5359396103742433
0.9181604401157375
2.887715412987162
0.5473919772684906
1.7453701066779597
1.4737074841855802
0.12586251603390292
0.3422392523841654
0.0625163637372431
0.9881286988565625
0.19475716177749336
1.964813469955127
0.6294429433010331
0.48741646980396525
1.6143125724019511
0.3398207491906412
0.3526229295928732
1.1041343352497806
0.04100690225159152
0.44298272329829047
0.9239685605717362
0.28286689896843986
0.13256407378618174
1.823978854519735
2.5912362361843844
0.29569444050892296
1.9119479351762072
0.16640969090356972
0.13165123334843104
0.9915644189481453
1.1590966700105194
0.22686592693501056
0.10530186975711578
1.1331472913478433
0.4711511473584783
0.12963678391060116
1.3124986600508097
0.4365183292441927
0.744873907018861
0.16144166841825916
0.9437653922900308
0.21921479234477842
0.3430465450907182
1.3083253234609404
0.06775545665967211
0.5647873781546268
0.13177927404354972
0.4471145805707504
0.16482307896434137
0.06000506893301194
0.8622118590974092
0.3024819621748001
0.7908232289306797
0.07720619340818663
0.10738936822753406
1.3519114380611197
0.3465779348688831
0.04970642746744845
1.2441890153800421
0.3300500037231124
0.15535910275683568
1.5506779398997872
0.01651267945116422
1.0477399328804953
0.08154314618059788
0.4870832251665508
0.9934597129915701
0.3308811005755087
0.1655063016001996
0.24612347185309527
1.0733146615813165
2.6913217806385594
0.41872250524414956
0.9470485570960667
0.7094837701384133
0.5760661599155882
0.06640574645154837
0.17938266361007063
0.6312511184315129
1.9312909197915702
1.7846310412940387
0.2006692681818849
0.149927992381914
0.40413540512747037
1.0175082812550915
0.856880921719359
1.1570257263212076
0.07138189472487967
0.06651440602662866
0.6981901032617555
1.2213104959864853
1.6529608763080634
0.003761824050604435
1.757631779745955
1.7975759131314288
0.8774548355304445
0.5473542791037961
0.33213994050252654
0.32150601511037413
0.6715163516573973
0.16749540727922158
1.0973498467522178
0.1068453247419522
0.25688918737160094
0.7570652674671439
0.8268670734391255
0.8827771854400632
1.2492129931687572
0.9173699192757301
0.698382603915687
0.1116702940067316
0.1536925544389885
