82284.9835414495
44600.20214258386
16653.948022543736
8578.301583174953
567.3927170146503
600.8795688069245
18.600647592149848
453.0230607717871
76.82161512274266
2768.576523367111
4379.533174682839
2433.8806087757353
1367.177705829736
6617.021183589382
4759.291827036444
364.6935205835148
831.7957001309175
1270.1009584078747
964.7842042610196
1390.3000090813825
125.52516527041047
81.9430677832931
335.32580306399774
230.18022971560447
233.11219444688646
537.1057965517948
381.6738787165308
283.9452300645845
660.835921700165
308.85513062975565
38.12459074842145
15.124173560452284
205.20706664589187
163.83217465422908
825.0185076539611
723.2695231546879
103.82868654098729
261.3495663110356
20.161893526825644
518.8638570044923
834.9945084180208
920.8275580185862
1399.93322212483
115.53759004377935
149.46672730873883
291.09888869998065
427.27032470912303
388.3380266551078
427.96484933105637
165.07677512175067
61.58215242308168
8.56489313929968
226.03008685804912
63.97490177541389
31.708645106452792
187.1895330575111
47.38585344947188
66.44474015707546
232.73018817103224
512.821900403224
498.96879242369823
517.9314105623065
216.88799986097897
115.24865927901297
20.676858099839972
40.85278155144412
39.96369404758121
0.5567981839650308
53.831213970620794
14.972263897849553
72.9278895231622
8.240062491151816
215.93466062287158
194.64746949508196
360.3098416293073
422.4095821676403
138.27224783730665
214.83651100996028
252.42017445066324
207.2311478988592
283.4218613077593
20.364779701365904
14.787649347092781
18.606553216895797
84.30790852468286
75.52935993720938
14.291671369696015
58.015402905680745
86.37177268737007
32.2493659733674
63.665315229838036
1.4681831038470545
54.63109238754667
25.861848670600384
19.394310848393765
220.798247833196
168.49184608227566
38.31945270632998
244.46098035880462
9.217412012705656
119.28448913802336
294.1389363517207
241.84295070256616
39.87741131447473
225.30764495322896
148.674645152979
80.87176804238341
4.3960042030476725
283.22706936104976
87.75504194658886
339.64481997836083
165.54363242329825
150.31286734589224
186.06209492170186
149.87037903612156
133.53614482314245
79.74638381963484
334.45861046602715
582.3645980613396
71.39650816882468
83.29576318073578
32.65969255850484
29.22056135479393
193.55206224333725
143.5981389241014
169.07646723270702
281.6131042767129
35.01651198518779
290.2143666372422
22.25565314501906
28.59544752844394
5.3592916437938465
210.29061923968897
0.835185218478739
299.8508709864291
139.96778271952851
98.44093576496688
75.35389064559092
34.06409553065477
35.027080432699094
65.59849214236779
126.59481655366184
48.51666239068659
86.84237507008834
20.4245078198633
17.833949402033966
12.878024311557747
108.30198778742712
105.61763788192353
33.270945728734034
12.4913016225538
39.265158806090135
73.7308954046327
24.376037768132786
67.43695466570472
51.446142144010565
14.104272313278134
15.112728492833352
66.37763690943095
42.884755254918346
65.9567635577842
14.702975737968838
101.64510132125464
31.964196508504322
9.386164714593985
58.06676314201594
13.106635938377181
28.5227819849582
48.67759725797447
51.63636513276345
143.2729084589635
23.267642449475723
51.63129660221394
99.52205012744312
30.464729928680175
9.43483325070785
19.559920361766036
21.03606039979398
19.90526188018095
38.944631519584334
11.536173342490645
47.27200193434541
36.04026282915428
129.12778905219812
10.094434828468179
24.896877341233946
22.58431088354748
41.630102262148796
113.75807896943252
89.88387160625331
11.070326031107191
11.622279849573172
30.458626217429735
6.745796654468455
161.03749146690643
64.15359043851298
110.71379598596263
37.146532474965696
66.28952431951433
2.127055725313671
56.78237509025582
180.6335855352687
196.8229534779656
68.84789118571541
7.8128058147455155
26.112923299506065
24.551195532394352
287.356231640338
180.83157653518626
34.966098617067146
69.84301915481187
219.56415757634184
260.50005116616467
243.2371220618096
52.691190171630524
151.62859339901576
6.015138952935176
127.48444928018583
52.86735574412412
23.377686127165386
66.30480854681164
94.7917014378379
64.95373583751278
333.75289914269734
266.01626480720853
412.3070041413936
508.46483507909556
122.61867410462732
128.14302111062577
60.41096206144152
23.40498782892388
0.8836211338532252
25.30393250684604
5.8712089086671195
78.40700441704975
34.60577254541395
193.91297122441063
17.994487930647498
142.36045578663277
296.83061475141307
288.23838351149533
182.04243388032216
18.99625619395539
75.33103510426231
18.130230277314375
158.6717801344585
195.26839843789827
208.25098477037594
310.21918054830036
55.51031773934866
24.607094755425948
172.83329004987283
50.77410327710067
182.49595246578406
93.46059973425477
52.302393182655905
105.54828648670946
55.330439329935245
176.997188972815
47.421636325317095
72.01760691919641
117.3801558797768
22.738262971393805
134.41446033556952
137.90374875362073
43.01387763257765
364.9464262547124
52.14516308676049
8.529195638184095
49.19542454284371
0.3233272068470018
218.93521448059101
134.4166533504853
59.72766456142889
414.5817526004429
159.32384105691625
128.2172048252091
152.04672451102235
190.8096428398316
37.77641340692743
127.61122267045076
133.6037265008032
62.42922345111217
252.48758897481193
24.340680480041918
193.50323110456762
157.4397517874956
36.12366817995052
70.82468916618392
3.3676576688135964
1.0531010491514226
83.42077966010363
71.23569737604635
13.617741344201203
67.58627236045164
34.48688063961312
90.40903467144761
14.597349779005977
393.6226567119012
237.32716092882583
240.65697846232803
137.12395898923597
318.7076888327705
19.895331593014035
18.410163147822963
83.04727665742713
180.71129666994662
62.955647739311175
33.36780156898145
192.91620033527684
250.66770470044577
221.81254012811843
36.47837375571322
414.8304001856535
14.071625380865784
32.873035676279045
105.57956324925236
124.72788922722245
61.069091659194164
109.86687429924532
60.188498889034705
322.11750325824306
214.17272388862497
206.8203483370379
177.5069155479845
45.600790571961966
80.77802090041742
49.82026743542009
91.80134388857098
2.1343784644632917
28.104164428889145
250.75535243180354
88.09282674902619
130.10418907925822
250.57940418977066
26.953032234936334
44.260803980972305
224.58864750690134
231.79749917491267
161.17379285531172
223.1018061963353
302.5897055137961
9.697413141097767
40.32461769543041
170.16943467535359
229.60510408067202
179.13423445137047
142.67550345066536
133.07891137629636
25.468345874334858
51.92064908455393
18.063348696669014
11.562495053456875
42.30066717052533
30.27282943530497
101.33005764941201
191.22661252750058
19.671093539496024
317.72032961192605
58.36702258974391
204.060931953269
78.49906805812144
100.40115840859934
58.43943455230696
113.47612750798105
33.5125736274088
172.09784452418165
84.343651013975
62.99323511903193
98.07168180473309
123.53162281397043
268.6132671861687
462.9306227920163
476.09317228019404
291.09872549141755
494.29243591911194
88.90099291912024
33.046755201705864
51.260745899536
3.911694155348463
3.3891606443356244
132.4862463273707
108.53378101581237
194.41085631047122
55.94918776750116
117.30811231956588
177.7048318520737
3.1174960382655774
46.570243475875294
166.68448170331442
16.852301116038337
49.179085694625606
3.1579597266529165
284.86875247226595
109.5116502082639
321.8575221536197
64.34552420368566
70.32831066221075
102.5965866896156
100.72348089260123
83.92549995175041
0.9345860694085285
4.366126119646668
50.29189578026311
63.81687902607914
142.67069367633968
112.61328316839248
17.268469654986056
316.73144866130406
587.0519112437617
82.09706965773242
56.34701548592135
50.07880538158137
136.29690874156393
92.15488771653688
50.30678010261249
254.12937882349752
93.02595406472075
254.94782939745951
115.76561052084188
11.976552235955598
50.65539009489377
130.7852647931763
87.13190129493175
66.52401973735998
14.560656488348423
123.51291177223713
43.294406170957245
168.4321255928898
151.63360031409536
66.03792414841382
140.5782052309298
305.14823170929407
40.448964602380855
110.68749173773008
179.82749957020863
82.99486297773738
43.620916207774684
59.74004496978137
439.8292684890351
121.31953114297156
147.27421572173856
229.60525994438342
59.91592158712743
194.82135448563568
171.23902310101005
48.1977792595796
83.82459571882875
56.356809200687934
121.60344045206958
19.987967792155125
97.5423893973241
202.80159170188983
71.5591120693435
442.0244185697847
222.4380511532251
22.106486094800562
238.76018043015378
163.19479624735197
5.61782875938829
133.29971695166026
92.33399799660543
3.7314573084983307
3.2524014215532495
22.518485177202475
100.92445246208919
31.218019133806163
162.53481627325107
96.4165883939945
20.01926331122414
97.96292568106112
75.7690576852639
164.02584787373775
234.41489933958655
104.2092917362792
115.36805326137443
119.2028600790979
46.194111852516585
17.536477924042018
15.346633565982312
18.14309203811419
4.65607273392596
91.85302450497893
52.76971844517233
21.774453681967707
41.571873751305745
112.58151479864868
172.12570521993115
261.253059344263
203.80208070152594
63.71591343634286
6.995849963637186
9.169277259116145
74.43411381070808
71.11653353716395
65.50833227119516
88.23903856685281
70.53571455069013
66.05039523192626
48.11142926053833
19.76473142337062
39.11693318505782
95.33904593441329
176.38714908028686
10.775185874784745
54.64319426678599
172.97102779598217
112.2346029592911
389.4604750722424
177.04379228163629
239.27682985666908
167.00073188609298
