201.7242138782303
1227.4810007469614
72.37704982958826
81.47720620686619
928.6228246848324
3414.8161851130308
963.4482127489495
939.9552725178028
362.7440478151191
1710.817244877861
959.665541428981
77.00031824139354
147.91646024620556
2611.9570149761694
346.77220827512633
16.808638003849687
202.02414460086027
996.2359483012881
902.5408818362826
742.2582512867269
1382.9177140323748
1050.3512265020042
839.6698898398977
224.91245235487062
1660.1153588453062
1226.991750223708
370.76818563184105
136.0319208039913
312.72274883363224
237.81107681870196
797.7609932188124
809.6111642895114
328.41463374281136
1832.0959912593096
902.4719748644953
1582.4799817719727
241.71791140145803
399.21569099717163
1068.1951777905606
464.75777955416544
1095.766354781222
1326.7121633273064
453.6446244747349
1466.0264350991927
1014.9318535487804
2181.3137886304257
14.414089414821909
2020.0646788111585
1158.5538597912935
769.5521313469036
1193.8275439374247
754.5254692663719
1368.1515198519635
2870.0005784840123
2297.2242832445804
271.0007827156425
912.2606262318359
1126.1270484656354
213.97165437982557
1285.1248042556053
486.92321481342634
3605.8749100857394
1099.9083776333616
543.6217242437027
2072.2909934258973
722.5803086418031
191.0812926841994
2094.136500681001
707.6078816143804
349.17100643146307
550.188534952273
819.4506170789055
1097.2732863843473
4700.331578450285
1721.8300810029848
1367.3413009270569
2376.8978191762963
1025.165717955738
1552.5778974373472
118.18036876156808
277.12145959606494
279.27887657701996
197.3690489584615
731.0126309216729
1002.3712235157309
1207.7482528904227
1032.740612780037
2141.138626120195
283.6381414157967
386.0268275560051
3757.854085085761
37.87313699250027
121.93744167767699
1578.0974246745811
0.1979269400392926
74.93441193532495
510.8106814476412
1516.5696352364953
839.7047504633588
50.75517785430402
33.5101757280257
1658.3866405884444
1001.4301656389712
1595.228803145344
158.35853382805826
43.247938261143105
467.04509479187357
1187.379369129013
49.40647936408122
559.2160997700566
772.2041649310968
336.9811935223725
2.9005643832000145
46.796120300079004
147.1779680971124
424.41034156940725
635.239416225488
842.3055675833821
327.87233199165706
232.29919119125688
95.83433562330292
920.0859067660872
540.3702679075394
963.7510511865275
1132.9210482330295
1743.2269788811334
2.805932731338928
231.75350539439992
1550.01701574069
76.81829646879012
247.5390067137296
664.0960716606075
722.9094956743146
664.7376181222038
510.47613207062705
9.609420964915726
156.09542825946534
348.350452598572
241.19005313796686
744.7204286024685
67.78165982883246
395.86256088837126
103.48735404482107
582.1528285755719
369.4947596177729
251.88901742829424
383.64172694853335
168.26558200592274
251.34486532245157
466.922343874962
135.90440881857626
46.35643237182085
649.7838645038604
20.837462870641186
1066.647686005274
12.87531281803951
125.33040267054378
278.92791214658314
562.932690264104
152.3659880042563
315.8237786469102
422.41742284837767
1006.8188353784537
731.7501000881999
1072.8236485251712
112.73264021972537
78.43563208228483
33.575064349872044
10.671760018446301
338.2826898552577
237.55366310905566
225.1263273195313
697.4012787852947
110.92458722586159
30.042504574587856
464.7734213542719
69.69873128286413
219.70502773788107
101.39937391380825
34.95922699664654
55.69953879475601
15.707359290293565
63.93276847968682
248.97959585596973
895.2311248429426
408.5489451826246
898.1068066886608
51.90142445837277
489.9022573479864
364.4240768320804
418.434278811054
665.6544190518889
1136.7358785197175
419.7677759448196
0.06701499738849642
136.4787318679747
27.54277943028707
8.923318913286597
50.877121674894205
100.25968671608626
457.2052236760691
611.696327788169
65.5215393990673
220.9617142316402
267.68233978079087
4.860258864091534
413.775387813303
131.5538846859814
89.93526325348158
105.20952103893222
117.98147621140068
446.50550780559087
34.719950666293876
16.61814916879955
400.39028393860724
117.48079853512867
702.0572590093122
701.173042276492
60.073125532863514
724.0518889046402
102.71354508649368
457.08107659406284
79.658107515937
35.25607569869352
102.3413302542477
920.6123839674356
165.2181311906693
162.36079297153293
118.54254153251753
35.2252195024475
115.16717639184877
169.4351226632978
132.4332817778376
196.15415990725262
42.28601991569574
13.062818301522533
53.49651619636343
466.0511751875017
181.32511894511623
139.38651124750348
40.31721418069944
388.27807100355534
173.17141000628425
396.21507040274264
23.15735286826031
31.94845272712705
26.157907934394352
245.0172234121663
56.49056477608285
18.170094117399568
372.7212192590707
14.936661024993597
680.0517142517884
343.6109337929604
147.9424756843251
147.98757391125832
570.5802796805604
113.80754143193708
40.47710254189178
120.66605892161449
131.43558180182936
1062.9303829456117
176.3695782129367
183.20147842108506
282.35869837260543
50.286612629745605
16.10241887937578
133.09724608214893
132.90131095659555
45.89114504143001
44.00907638601878
94.29177005632133
34.401342251901106
63.27869260757358
199.47615150506542
378.1151568070453
342.05145814989055
71.46681256140667
286.0302601545679
91.36790739970137
34.117815832727736
87.77581202164427
90.04074678499839
131.67931744941006
373.226474509231
65.33843349764871
336.3192192927095
95.80043720892347
378.8304540355938
12.76641724904281
142.28011622076892
183.93802969995681
277.56176102557544
62.136679275855236
331.0424948590063
96.14455409813718
271.2119232382589
64.41857833867134
482.8628671163926
535.687923954419
372.3353952103578
67.27137607918104
19.408171013414808
115.74230545295298
128.10323572380474
551.9840460388918
66.30733964015825
138.3282690159348
57.2993000853973
69.62592819142118
196.7253250934339
301.1955394448454
159.89212525250858
16.886303216321735
52.322734434500525
223.76415249904102
97.54559804244784
32.82962991180927
230.54963555584334
39.667670842407134
114.79186398015158
240.13818647074885
45.214510657452664
11.986755080432353
97.57738127424771
158.54209479357706
8.639844291189899
247.77155928879245
53.50958751219859
270.60998573352083
232.27617427439566
89.14011827168326
241.10158278126548
184.05232854535134
33.755576162933515
184.35278114217635
34.54013176965025
20.439291899628742
75.7414731966776
538.7489250774643
91.43656145018298
253.59158749517445
24.96968184299984
334.24185428198774
54.116453952318835
51.9950104386177
88.2983940070437
102.1093504458055
99.98865455278812
209.4378772637215
157.66730671649427
258.35406775739824
112.2478006924712
561.5517239325202
72.98436404573125
158.2668989650285
40.37801503292158
66.62505597586576
477.9863034179408
115.94969627577466
82.36562916511663
99.78313948978783
38.62750598874585
243.40800791507039
121.11715506034352
9.521103489099838
352.5481596956943
79.84374708789275
27.958138573378946
80.20761334961864
10.441500295193297
330.27860657929284
282.87789665029754
151.2735441886305
326.0514974607333
329.44048982351904
181.491059534871
33.323404789253956
162.5445783555922
6.226168720253371
213.16949570955546
92.57214534957174
99.88132741013737
19.442444750580574
28.703785926300544
131.7007751939431
20.39403709256236
130.0727737417283
81.33357257586908
55.04602339759611
125.89639975033106
50.73686534901257
169.46980199699306
62.19992613349135
13.73556703020577
245.79080151177635
30.602047127888355
170.31350889757925
64.76753052565815
178.25924906894502
147.58769033934718
140.9843804084027
127.76094284213956
157.26306419331138
85.3130723655606
42.09371183233116
245.09781430451685
192.80847710002598
2.555294010547404
232.35047397607536
247.6065279154364
30.347012058162257
33.747736862786795
440.1334300203089
66.3086431032538
297.2152539238562
227.80760377416237
96.67205776763114
260.5618023938706
199.86750059320653
153.09842069918483
37.45812140748753
41.26388458041282
199.148109728625
29.396349519106206
198.5804134006373
91.6191287632608
26.043161287049927
257.21739629744684
311.62984374726057
5.372585244422094
259.4818166892841
67.37968838099034
35.13511382318127
173.77211751557664
503.884453322202
16.31720836949807
455.4799627667835
78.08840114836863
3.1251882801036377
229.1608492694046
0.264695144406902
130.00228413615054
4.7694969838249515
371.6052544354812
470.05224552013885
141.88389000342275
139.96859325577404
55.468836321178046
52.3465142481659
88.56321402277246
178.2391174410218
101.32846954069817
251.9903990411837
42.17372929792296
158.2493869724162
38.88366111935596
94.76757149082141
427.34704378240866
236.74481987812135
235.36865028979477
322.6601775456819
59.69744421631896
186.32797860364047
223.51709548544798
45.834131649319005
249.78649511209545
203.42782244475757
55.76728416342359
151.05173529545306
140.29401210625446
168.8555517823403
455.0260668675535
152.31110769256463
10.427921504028225
17.759936268528136
81.53925261278059
91.42444891496493
118.86681640646047
388.57822289800515
22.135552668243857
4.280575580563408
102.73213966297065
110.08855994895112
135.00796286977402
0.7597505338395529
58.52536706650988
162.22992284238586
89.3188850516177
8.912845025534121
412.6300329874546
219.36099315501536
6.573920285811063
152.95633589670538
144.54355293819006
205.41952298973482
48.208977370344904
70.95057447983106
332.9385733900152
133.76558730672613
160.22438960992355
47.85623425750164
164.4702665391207
73.41345428310908
195.8536777354342
598.164844373737
372.09353043214884
332.5654503951097
81.24730704369873
24.03253508819304
44.328684643282315
36.188845518798956
